testNo ,repeatNo, agentNo, agentID, agentType, agentTypeNo, x, y, z, yaw, vel_x, vel_y, vel_z, speed, time, sim_time, fps
0, 0, 1, 266, vehicle.mercedes-benz.coupe, 3, -5.260, -98.130, 1.882, -2.094, 0.000, 0.000, -1.469, 1.469, 0.000, 625.777, 0.000
0, 0, 2, 267, vehicle.mercedes-benz.coupe, 3, 30.630, -134.230, 1.946, -2.094, 0.000, 0.000, -0.979, 0.979, 0.000, 625.777, 0.000
0, 0, 1, 266, vehicle.mercedes-benz.coupe, 3, -5.260, -98.130, 1.682, -2.094, 0.000, 0.000, -2.447, 2.447, 0.100, 625.877, 0.000
0, 0, 2, 267, vehicle.mercedes-benz.coupe, 3, 30.630, -134.230, 1.794, -2.094, 0.000, 0.000, -1.958, 1.958, 0.100, 625.877, 0.000
0, 0, 1, 266, vehicle.mercedes-benz.coupe, 3, -5.260, -98.130, 1.383, -2.094, 0.000, 0.000, -3.424, 3.424, 0.200, 625.977, 0.000
0, 0, 2, 267, vehicle.mercedes-benz.coupe, 3, 30.630, -134.230, 1.545, -2.094, 0.000, 0.000, -2.935, 2.935, 0.200, 625.977, 0.000
0, 0, 1, 266, vehicle.mercedes-benz.coupe, 3, -5.260, -98.130, 0.987, -2.094, 0.000, 0.000, -4.400, 4.400, 0.300, 626.077, 0.000
0, 0, 2, 267, vehicle.mercedes-benz.coupe, 3, 30.655, -134.227, 1.253, -2.090, -0.167, 0.198, -2.818, 2.830, 0.300, 626.077, 0.000
0, 0, 1, 266, vehicle.mercedes-benz.coupe, 3, -5.260, -98.130, 0.494, -2.094, 0.000, 0.000, -5.375, 5.375, 0.400, 626.177, 0.000
0, 0, 2, 267, vehicle.mercedes-benz.coupe, 3, 30.643, -134.229, 1.162, -2.093, -0.343, -0.142, 0.092, 0.383, 0.400, 626.177, 0.000
0, 0, 1, 266, vehicle.mercedes-benz.coupe, 3, -5.261, -98.132, 0.054, -2.094, 0.001, 0.006, 0.027, 0.028, 0.500, 626.277, 0.000
0, 0, 2, 267, vehicle.mercedes-benz.coupe, 3, 30.605, -134.245, 1.179, -2.108, -0.470, -0.128, 0.181, 0.520, 0.500, 626.277, 0.000
0, 0, 1, 266, vehicle.mercedes-benz.coupe, 3, -5.261, -98.132, 0.074, -2.094, 0.000, -0.000, 0.256, 0.256, 0.600, 626.377, 0.000
0, 0, 2, 267, vehicle.mercedes-benz.coupe, 3, 30.558, -134.262, 1.194, -2.126, -0.553, -0.147, 0.097, 0.580, 0.600, 626.377, 0.000
0, 0, 1, 266, vehicle.mercedes-benz.coupe, 3, -5.261, -98.132, 0.097, -2.094, 0.001, -0.001, 0.199, 0.199, 0.700, 626.477, 0.000
0, 0, 2, 267, vehicle.mercedes-benz.coupe, 3, 30.504, -134.281, 1.199, -2.147, -0.636, -0.165, 0.012, 0.657, 0.700, 626.477, 0.000
0, 0, 1, 266, vehicle.mercedes-benz.coupe, 3, -5.261, -98.132, 0.113, -2.094, 0.000, -0.001, 0.117, 0.117, 0.800, 626.577, 0.000
0, 0, 2, 267, vehicle.mercedes-benz.coupe, 3, 30.442, -134.303, 1.198, -2.172, -0.725, -0.176, -0.046, 0.747, 0.800, 626.577, 0.000
0, 0, 1, 266, vehicle.mercedes-benz.coupe, 3, -5.261, -98.132, 0.121, -2.094, 0.000, -0.000, 0.061, 0.061, 0.900, 626.677, 0.000
0, 0, 2, 267, vehicle.mercedes-benz.coupe, 3, 30.372, -134.326, 1.192, -2.200, -0.818, -0.180, -0.084, 0.842, 0.900, 626.677, 0.000
0, 0, 1, 266, vehicle.mercedes-benz.coupe, 3, -5.261, -98.132, 0.125, -2.094, 0.000, -0.000, 0.030, 0.030, 1.000, 626.777, 0.000
0, 0, 2, 267, vehicle.mercedes-benz.coupe, 3, 30.292, -134.349, 1.183, -2.232, -0.912, -0.173, -0.102, 0.934, 1.000, 626.777, 0.000
0, 0, 1, 266, vehicle.mercedes-benz.coupe, 3, -5.261, -98.132, 0.127, -2.094, 0.000, -0.000, 0.014, 0.014, 1.100, 626.877, 0.000
0, 0, 2, 267, vehicle.mercedes-benz.coupe, 3, 30.204, -134.373, 1.173, -2.267, -1.005, -0.158, -0.118, 1.024, 1.100, 626.877, 0.000
0, 0, 1, 266, vehicle.mercedes-benz.coupe, 3, -5.261, -98.132, 0.128, -2.094, 0.000, -0.000, 0.006, 0.006, 1.200, 626.977, 0.000
0, 0, 2, 267, vehicle.mercedes-benz.coupe, 3, 30.107, -134.395, 1.161, -2.305, -1.100, -0.135, -0.133, 1.116, 1.200, 626.977, 0.000
0, 0, 1, 266, vehicle.mercedes-benz.coupe, 3, -5.261, -98.132, 0.129, -2.094, 0.000, -0.000, 0.003, 0.003, 1.300, 627.077, 0.000
0, 0, 2, 267, vehicle.mercedes-benz.coupe, 3, 30.000, -134.416, 1.148, -2.347, -1.195, -0.101, -0.147, 1.208, 1.300, 627.077, 0.000
0, 0, 1, 266, vehicle.mercedes-benz.coupe, 3, -5.261, -98.132, 0.129, -2.094, 0.000, -0.000, 0.001, 0.001, 1.400, 627.177, 0.000
0, 0, 2, 267, vehicle.mercedes-benz.coupe, 3, 29.885, -134.433, 1.133, -2.391, -1.290, -0.056, -0.159, 1.301, 1.400, 627.177, 0.000
0, 0, 1, 266, vehicle.mercedes-benz.coupe, 3, -5.261, -98.132, 0.129, -2.094, 0.000, -0.000, 0.001, 0.001, 1.500, 627.277, 0.000
0, 0, 2, 267, vehicle.mercedes-benz.coupe, 3, 29.760, -134.447, 1.118, -2.439, -1.383, 0.001, -0.171, 1.393, 1.500, 627.277, 0.000
0, 0, 1, 266, vehicle.mercedes-benz.coupe, 3, -5.261, -98.132, 0.129, -2.094, 0.000, -0.000, 0.000, 0.000, 1.600, 627.377, 0.000
0, 0, 2, 267, vehicle.mercedes-benz.coupe, 3, 29.626, -134.455, 1.101, -2.490, -1.473, 0.070, -0.183, 1.486, 1.600, 627.377, 0.000
0, 0, 1, 266, vehicle.mercedes-benz.coupe, 3, -5.261, -98.132, 0.129, -2.094, 0.000, -0.000, 0.000, 0.000, 1.700, 627.477, 0.000
0, 0, 2, 267, vehicle.mercedes-benz.coupe, 3, 29.484, -134.457, 1.083, -2.544, -1.556, 0.157, -0.185, 1.574, 1.700, 627.477, 0.000
0, 0, 1, 266, vehicle.mercedes-benz.coupe, 3, -5.261, -98.132, 0.129, -2.094, 0.000, -0.000, 0.000, 0.000, 1.800, 627.577, 0.000
0, 0, 2, 267, vehicle.mercedes-benz.coupe, 3, 29.333, -134.451, 1.065, -2.601, -1.630, 0.255, -0.191, 1.661, 1.800, 627.577, 0.000
0, 0, 1, 266, vehicle.mercedes-benz.coupe, 3, -5.261, -98.132, 0.129, -2.094, 0.000, -0.000, 0.000, 0.000, 1.900, 627.677, 0.000
0, 0, 2, 267, vehicle.mercedes-benz.coupe, 3, 29.175, -134.436, 1.046, -2.661, -1.696, 0.364, -0.198, 1.745, 1.900, 627.677, 0.000
0, 0, 1, 266, vehicle.mercedes-benz.coupe, 3, -5.261, -98.132, 0.129, -2.094, 0.000, -0.000, 0.000, 0.000, 2.000, 627.777, 0.000
0, 0, 2, 267, vehicle.mercedes-benz.coupe, 3, 29.010, -134.411, 1.027, -2.724, -1.750, 0.483, -0.201, 1.826, 2.000, 627.777, 0.000
0, 0, 1, 266, vehicle.mercedes-benz.coupe, 3, -5.261, -98.132, 0.129, -2.094, 0.000, -0.000, 0.000, 0.000, 2.100, 627.877, 0.000
0, 0, 2, 267, vehicle.mercedes-benz.coupe, 3, 28.840, -134.374, 1.007, -2.789, -1.792, 0.616, -0.206, 1.906, 2.100, 627.877, 0.000
0, 0, 1, 266, vehicle.mercedes-benz.coupe, 3, -5.261, -98.132, 0.129, -2.094, 0.000, -0.000, 0.000, 0.000, 2.200, 627.977, 0.000
0, 0, 2, 267, vehicle.mercedes-benz.coupe, 3, 28.663, -134.327, 0.986, -2.856, -1.871, 0.690, -0.211, 2.006, 2.200, 627.977, 0.000
0, 0, 1, 266, vehicle.mercedes-benz.coupe, 3, -5.261, -98.132, 0.129, -2.094, 0.000, -0.000, 0.000, 0.000, 2.300, 628.077, 0.000
0, 0, 2, 267, vehicle.mercedes-benz.coupe, 3, 28.469, -134.283, 0.964, -2.916, -2.059, 0.578, -0.228, 2.151, 2.300, 628.077, 0.000
0, 0, 1, 266, vehicle.mercedes-benz.coupe, 3, -5.261, -98.136, 0.129, -2.092, 0.026, -0.332, -0.000, 0.333, 2.400, 628.177, 0.000
0, 0, 2, 267, vehicle.mercedes-benz.coupe, 3, 28.255, -134.249, 0.940, -2.966, -2.238, 0.431, -0.246, 2.292, 2.400, 628.177, 0.000
0, 0, 1, 266, vehicle.mercedes-benz.coupe, 3, -5.255, -98.247, 0.129, -2.050, 0.272, -1.764, -0.000, 1.785, 2.500, 628.277, 0.000
0, 0, 2, 267, vehicle.mercedes-benz.coupe, 3, 27.979, -134.226, 0.908, -3.009, -3.393, 0.309, -0.373, 3.428, 2.500, 628.277, 0.000
0, 0, 1, 266, vehicle.mercedes-benz.coupe, 3, -5.233, -98.478, 0.128, -1.966, 0.602, -2.921, -0.000, 2.982, 2.600, 628.377, 0.000
0, 0, 2, 267, vehicle.mercedes-benz.coupe, 3, 27.570, -134.224, 0.862, -3.042, -4.601, -0.005, -0.500, 4.628, 2.600, 628.377, 0.000
0, 0, 1, 266, vehicle.mercedes-benz.coupe, 3, -5.205, -98.827, 0.128, -1.867, 0.484, -4.138, 0.000, 4.166, 2.700, 628.477, 0.000
0, 0, 2, 267, vehicle.mercedes-benz.coupe, 3, 27.057, -134.239, 0.807, -3.063, -5.490, -0.125, -0.567, 5.521, 2.700, 628.477, 0.000
0, 0, 1, 266, vehicle.mercedes-benz.coupe, 3, -5.202, -99.291, 0.128, -1.785, 0.146, -5.108, 0.000, 5.111, 2.800, 628.577, 0.000
0, 0, 2, 267, vehicle.mercedes-benz.coupe, 3, 26.475, -134.259, 0.747, -3.079, -6.008, -0.141, -0.592, 6.039, 2.800, 628.577, 0.000
0, 0, 1, 266, vehicle.mercedes-benz.coupe, 3, -5.212, -99.834, 0.128, -1.722, 0.100, -5.712, 0.001, 5.713, 2.900, 628.677, 0.000
0, 0, 2, 267, vehicle.mercedes-benz.coupe, 3, 25.863, -134.286, 0.687, -3.084, -6.143, -0.303, -0.573, 6.177, 2.900, 628.677, 0.000
0, 0, 1, 266, vehicle.mercedes-benz.coupe, 3, -5.218, -100.419, 0.129, -1.672, 0.097, -5.954, -0.000, 5.955, 3.000, 628.777, 0.000
0, 0, 2, 267, vehicle.mercedes-benz.coupe, 3, 25.254, -134.317, 0.631, -3.087, -5.995, -0.256, -0.523, 6.023, 3.000, 628.777, 0.000
0, 0, 1, 266, vehicle.mercedes-benz.coupe, 3, -5.218, -101.011, 0.129, -1.636, 0.159, -5.884, -0.000, 5.886, 3.100, 628.877, 0.000
0, 0, 2, 267, vehicle.mercedes-benz.coupe, 3, 24.668, -134.340, 0.580, -3.093, -5.714, -0.201, -0.471, 5.736, 3.100, 628.877, 0.000
0, 0, 1, 266, vehicle.mercedes-benz.coupe, 3, -5.208, -101.587, 0.129, -1.607, 0.185, -5.651, -0.000, 5.654, 3.200, 628.977, 0.000
0, 0, 2, 267, vehicle.mercedes-benz.coupe, 3, 24.113, -134.357, 0.534, -3.099, -5.401, -0.121, -0.415, 5.419, 3.200, 628.977, 0.000
0, 0, 1, 266, vehicle.mercedes-benz.coupe, 3, -5.195, -102.136, 0.129, -1.587, 0.214, -5.366, -0.000, 5.370, 3.300, 629.077, 0.000
0, 0, 2, 267, vehicle.mercedes-benz.coupe, 3, 23.587, -134.369, 0.494, -3.106, -5.122, -0.088, -0.384, 5.137, 3.300, 629.077, 0.000
0, 0, 1, 266, vehicle.mercedes-benz.coupe, 3, -5.172, -102.657, 0.130, -1.567, 0.327, -5.098, -0.000, 5.109, 3.400, 629.177, 0.000
0, 0, 2, 267, vehicle.mercedes-benz.coupe, 3, 23.086, -134.377, 0.457, -3.112, -4.916, -0.047, -0.330, 4.928, 3.400, 629.177, 0.000
0, 0, 1, 266, vehicle.mercedes-benz.coupe, 3, -5.143, -103.155, 0.129, -1.550, 0.362, -4.906, -0.003, 4.919, 3.500, 629.277, 0.000
0, 0, 2, 267, vehicle.mercedes-benz.coupe, 3, 22.599, -134.383, 0.425, -3.117, -4.802, -0.036, -0.294, 4.812, 3.500, 629.277, 0.000
0, 0, 1, 266, vehicle.mercedes-benz.coupe, 3, -5.118, -103.640, 0.129, -1.541, 0.263, -4.799, 0.000, 4.807, 3.600, 629.377, 0.000
0, 0, 2, 267, vehicle.mercedes-benz.coupe, 3, 22.120, -134.387, 0.394, -3.122, -4.763, -0.019, -0.289, 4.772, 3.600, 629.377, 0.000
0, 0, 1, 266, vehicle.mercedes-benz.coupe, 3, -5.094, -104.117, 0.129, -1.536, 0.248, -4.750, 0.001, 4.757, 3.700, 629.477, 0.000
0, 0, 2, 267, vehicle.mercedes-benz.coupe, 3, 21.642, -134.390, 0.364, -3.126, -4.772, -0.018, -0.294, 4.781, 3.700, 629.477, 0.000
0, 0, 1, 266, vehicle.mercedes-benz.coupe, 3, -5.076, -104.591, 0.129, -1.536, 0.159, -4.747, 0.000, 4.750, 3.800, 629.577, 0.000
0, 0, 2, 267, vehicle.mercedes-benz.coupe, 3, 21.162, -134.396, 0.335, -3.126, -4.798, -0.143, -0.275, 4.808, 3.800, 629.577, 0.000
0, 0, 1, 266, vehicle.mercedes-benz.coupe, 3, -5.061, -105.067, 0.129, -1.536, 0.148, -4.761, 0.000, 4.763, 3.900, 629.677, 0.000
0, 0, 2, 267, vehicle.mercedes-benz.coupe, 3, 20.680, -134.413, 0.307, -3.119, -4.831, -0.213, -0.256, 4.842, 3.900, 629.677, 0.000
0, 0, 1, 266, vehicle.mercedes-benz.coupe, 3, -5.039, -105.542, 0.129, -1.532, 0.262, -4.746, 0.000, 4.753, 4.000, 629.777, 0.000
0, 0, 2, 267, vehicle.mercedes-benz.coupe, 3, 20.193, -134.432, 0.282, -3.115, -4.862, -0.167, -0.194, 4.869, 4.000, 629.777, 0.000
0, 0, 1, 266, vehicle.mercedes-benz.coupe, 3, -5.013, -106.016, 0.129, -1.528, 0.277, -4.737, 0.000, 4.746, 4.100, 629.877, 0.000
0, 0, 2, 267, vehicle.mercedes-benz.coupe, 3, 19.704, -134.447, 0.263, -3.114, -4.893, -0.133, -0.182, 4.898, 4.100, 629.877, 0.000
0, 0, 1, 266, vehicle.mercedes-benz.coupe, 3, -4.992, -106.490, 0.129, -1.528, 0.183, -4.733, 0.000, 4.737, 4.200, 629.977, 0.000
0, 0, 2, 267, vehicle.mercedes-benz.coupe, 3, 19.212, -134.459, 0.243, -3.115, -4.924, -0.095, -0.187, 4.928, 4.200, 629.977, 0.000
0, 0, 1, 266, vehicle.mercedes-benz.coupe, 3, -4.974, -106.963, 0.129, -1.530, 0.170, -4.726, 0.000, 4.729, 4.300, 630.077, 0.000
0, 0, 2, 267, vehicle.mercedes-benz.coupe, 3, 18.717, -134.468, 0.223, -3.118, -4.954, -0.078, -0.193, 4.959, 4.300, 630.077, 0.000
0, 0, 1, 266, vehicle.mercedes-benz.coupe, 3, -4.958, -107.435, 0.129, -1.532, 0.121, -4.750, 0.000, 4.751, 4.400, 630.177, 0.000
0, 0, 2, 267, vehicle.mercedes-benz.coupe, 3, 18.219, -134.476, 0.203, -3.120, -4.985, -0.055, -0.197, 4.989, 4.400, 630.177, 0.000
0, 0, 1, 266, vehicle.mercedes-benz.coupe, 3, -4.946, -107.933, 0.129, -1.536, 0.111, -5.139, 0.004, 5.140, 4.500, 630.277, 0.000
0, 0, 2, 267, vehicle.mercedes-benz.coupe, 3, 17.712, -134.481, 0.182, -3.124, -5.208, -0.042, -0.205, 5.212, 4.500, 630.277, 0.000
0, 0, 1, 266, vehicle.mercedes-benz.coupe, 3, -4.930, -108.460, 0.129, -1.537, 0.219, -5.352, -0.000, 5.357, 4.600, 630.377, 0.000
0, 0, 2, 267, vehicle.mercedes-benz.coupe, 3, 17.173, -134.486, 0.165, -3.127, -5.458, -0.041, -0.085, 5.459, 4.600, 630.377, 0.000
0, 0, 1, 266, vehicle.mercedes-benz.coupe, 3, -4.906, -109.001, 0.129, -1.533, 0.275, -5.439, -0.001, 5.446, 4.700, 630.477, 0.000
0, 0, 2, 267, vehicle.mercedes-benz.coupe, 3, 16.620, -134.491, 0.159, -3.129, -5.547, -0.026, -0.034, 5.547, 4.700, 630.477, 0.000
0, 0, 1, 266, vehicle.mercedes-benz.coupe, 3, -4.881, -109.546, 0.129, -1.531, 0.217, -5.446, -0.000, 5.450, 4.800, 630.577, 0.000
0, 0, 2, 267, vehicle.mercedes-benz.coupe, 3, 16.063, -134.504, 0.153, -3.124, -5.531, -0.190, -0.054, 5.535, 4.800, 630.577, 0.000
0, 0, 1, 266, vehicle.mercedes-benz.coupe, 3, -4.861, -110.089, 0.129, -1.532, 0.180, -5.409, -0.000, 5.412, 4.900, 630.677, 0.000
0, 0, 2, 267, vehicle.mercedes-benz.coupe, 3, 15.511, -134.523, 0.145, -3.118, -5.475, -0.221, -0.069, 5.480, 4.900, 630.677, 0.000
0, 0, 1, 266, vehicle.mercedes-benz.coupe, 3, -4.846, -110.627, 0.129, -1.536, 0.117, -5.357, -0.000, 5.358, 5.000, 630.777, 0.000
0, 0, 2, 267, vehicle.mercedes-benz.coupe, 3, 14.965, -134.539, 0.136, -3.116, -5.409, -0.155, -0.073, 5.411, 5.000, 630.777, 0.000
0, 0, 1, 266, vehicle.mercedes-benz.coupe, 3, -4.834, -111.160, 0.129, -1.540, 0.102, -5.307, -0.000, 5.308, 5.100, 630.877, 0.000
0, 0, 2, 267, vehicle.mercedes-benz.coupe, 3, 14.426, -134.553, 0.127, -3.117, -5.346, -0.111, -0.074, 5.347, 5.100, 630.877, 0.000
0, 0, 1, 266, vehicle.mercedes-benz.coupe, 3, -4.815, -111.687, 0.129, -1.537, 0.240, -5.259, -0.000, 5.265, 5.200, 630.977, 0.000
0, 0, 2, 267, vehicle.mercedes-benz.coupe, 3, 13.894, -134.563, 0.123, -3.119, -5.289, -0.093, 0.002, 5.290, 5.200, 630.977, 0.000
0, 0, 1, 266, vehicle.mercedes-benz.coupe, 3, -4.791, -112.212, 0.129, -1.533, 0.261, -5.231, -0.000, 5.237, 5.300, 631.077, 0.000
0, 0, 2, 267, vehicle.mercedes-benz.coupe, 3, 13.368, -134.572, 0.125, -3.121, -5.250, -0.068, 0.024, 5.250, 5.300, 631.077, 0.000
0, 0, 1, 266, vehicle.mercedes-benz.coupe, 3, -4.771, -112.734, 0.129, -1.533, 0.181, -5.217, -0.000, 5.220, 5.400, 631.177, 0.000
0, 0, 2, 267, vehicle.mercedes-benz.coupe, 3, 12.845, -134.579, 0.127, -3.123, -5.225, -0.056, 0.015, 5.225, 5.400, 631.177, 0.000
0, 0, 1, 266, vehicle.mercedes-benz.coupe, 3, -4.754, -113.255, 0.129, -1.536, 0.128, -5.210, -0.000, 5.211, 5.500, 631.277, 0.000
0, 0, 2, 267, vehicle.mercedes-benz.coupe, 3, 12.323, -134.585, 0.128, -3.126, -5.212, -0.038, 0.005, 5.212, 5.500, 631.277, 0.000
0, 0, 1, 266, vehicle.mercedes-benz.coupe, 3, -4.742, -113.776, 0.129, -1.539, 0.105, -5.208, -0.000, 5.209, 5.600, 631.377, 0.000
0, 0, 2, 267, vehicle.mercedes-benz.coupe, 3, 11.802, -134.589, 0.129, -3.128, -5.207, -0.030, 0.002, 5.207, 5.600, 631.377, 0.000
0, 0, 1, 266, vehicle.mercedes-benz.coupe, 3, -4.727, -114.297, 0.129, -1.540, 0.204, -5.203, -0.000, 5.207, 5.700, 631.477, 0.000
0, 0, 2, 267, vehicle.mercedes-benz.coupe, 3, 11.282, -134.596, 0.129, -3.127, -5.200, -0.153, 0.001, 5.202, 5.700, 631.477, 0.000
0, 0, 1, 266, vehicle.mercedes-benz.coupe, 3, -4.705, -114.817, 0.129, -1.536, 0.255, -5.204, -0.000, 5.210, 5.800, 631.577, 0.000
0, 0, 2, 267, vehicle.mercedes-benz.coupe, 3, 10.762, -134.614, 0.129, -3.120, -5.200, -0.219, 0.001, 5.205, 5.800, 631.577, 0.000
0, 0, 1, 266, vehicle.mercedes-benz.coupe, 3, -4.682, -115.338, 0.129, -1.533, 0.198, -5.208, -0.000, 5.212, 5.900, 631.677, 0.000
0, 0, 2, 267, vehicle.mercedes-benz.coupe, 3, 10.242, -134.630, 0.129, -3.117, -5.206, -0.167, 0.001, 5.209, 5.900, 631.677, 0.000
0, 0, 1, 266, vehicle.mercedes-benz.coupe, 3, -4.664, -115.859, 0.129, -1.535, 0.168, -5.212, -0.000, 5.215, 6.000, 631.777, 0.000
0, 0, 2, 267, vehicle.mercedes-benz.coupe, 3, 9.721, -134.645, 0.129, -3.116, -5.211, -0.151, 0.001, 5.213, 6.000, 631.777, 0.000
0, 0, 1, 266, vehicle.mercedes-benz.coupe, 3, -4.648, -116.380, 0.129, -1.537, 0.121, -5.215, 0.000, 5.217, 6.100, 631.877, 0.000
0, 0, 2, 267, vehicle.mercedes-benz.coupe, 3, 9.199, -134.657, 0.129, -3.117, -5.215, -0.100, 0.001, 5.216, 6.100, 631.877, 0.000
0, 0, 1, 266, vehicle.mercedes-benz.coupe, 3, -4.637, -116.902, 0.129, -1.541, 0.098, -5.218, 0.000, 5.219, 6.200, 631.977, 0.000
0, 0, 2, 267, vehicle.mercedes-benz.coupe, 3, 8.678, -134.667, 0.129, -3.119, -5.218, -0.092, 0.000, 5.218, 6.200, 631.977, 0.000
0, 0, 1, 266, vehicle.mercedes-benz.coupe, 3, -4.618, -117.423, 0.129, -1.538, 0.230, -5.212, -0.000, 5.217, 6.300, 632.077, 0.000
0, 0, 2, 267, vehicle.mercedes-benz.coupe, 3, 8.156, -134.674, 0.129, -3.122, -5.219, -0.060, 0.000, 5.220, 6.300, 632.077, 0.000
0, 0, 1, 266, vehicle.mercedes-benz.coupe, 3, -4.595, -117.944, 0.129, -1.534, 0.250, -5.213, 0.000, 5.219, 6.400, 632.177, 0.000
0, 0, 2, 267, vehicle.mercedes-benz.coupe, 3, 7.634, -134.681, 0.129, -3.124, -5.220, -0.055, 0.000, 5.220, 6.400, 632.177, 0.000
0, 0, 1, 266, vehicle.mercedes-benz.coupe, 3, -4.575, -118.466, 0.129, -1.535, 0.172, -5.216, 0.000, 5.219, 6.500, 632.277, 0.000
0, 0, 2, 267, vehicle.mercedes-benz.coupe, 3, 7.112, -134.686, 0.129, -3.127, -5.220, -0.034, 0.000, 5.221, 6.500, 632.277, 0.000
0, 0, 1, 266, vehicle.mercedes-benz.coupe, 3, -4.559, -118.987, 0.129, -1.536, 0.161, -5.217, 0.000, 5.219, 6.600, 632.377, 0.000
0, 0, 2, 267, vehicle.mercedes-benz.coupe, 3, 6.590, -134.690, 0.129, -3.129, -5.221, -0.029, 0.000, 5.221, 6.600, 632.377, 0.000
0, 0, 1, 266, vehicle.mercedes-benz.coupe, 3, -4.545, -119.509, 0.129, -1.539, 0.106, -5.218, 0.000, 5.219, 6.700, 632.477, 0.000
0, 0, 2, 267, vehicle.mercedes-benz.coupe, 3, 6.068, -134.703, 0.129, -3.124, -5.212, -0.198, 0.000, 5.216, 6.700, 632.477, 0.000
0, 0, 1, 266, vehicle.mercedes-benz.coupe, 3, -4.534, -120.031, 0.129, -1.543, 0.097, -5.219, -0.000, 5.220, 6.800, 632.577, 0.000
0, 0, 2, 267, vehicle.mercedes-benz.coupe, 3, 5.547, -134.723, 0.129, -3.117, -5.212, -0.226, 0.000, 5.217, 6.800, 632.577, 0.000
0, 0, 1, 266, vehicle.mercedes-benz.coupe, 3, -4.515, -120.552, 0.129, -1.539, 0.237, -5.212, -0.000, 5.217, 6.900, 632.677, 0.000
0, 0, 2, 267, vehicle.mercedes-benz.coupe, 3, 5.026, -134.739, 0.129, -3.116, -5.215, -0.153, 0.000, 5.218, 6.900, 632.677, 0.000
0, 0, 1, 266, vehicle.mercedes-benz.coupe, 3, -4.492, -121.074, 0.129, -1.535, 0.259, -5.212, -0.000, 5.218, 7.000, 632.777, 0.000
0, 0, 2, 267, vehicle.mercedes-benz.coupe, 3, 4.504, -134.753, 0.129, -3.116, -5.217, -0.109, 0.000, 5.218, 7.000, 632.777, 0.000
0, 0, 1, 266, vehicle.mercedes-benz.coupe, 3, -4.472, -121.595, 0.129, -1.534, 0.181, -5.215, -0.000, 5.218, 7.100, 632.877, 0.000
0, 0, 2, 267, vehicle.mercedes-benz.coupe, 3, 3.982, -134.763, 0.129, -3.118, -5.218, -0.091, -0.000, 5.219, 7.100, 632.877, 0.000
0, 0, 1, 266, vehicle.mercedes-benz.coupe, 3, -4.455, -122.117, 0.129, -1.536, 0.128, -5.217, 0.000, 5.218, 7.200, 632.977, 0.000
0, 0, 2, 267, vehicle.mercedes-benz.coupe, 3, 3.460, -134.772, 0.129, -3.120, -5.219, -0.066, -0.000, 5.219, 7.200, 632.977, 0.000
0, 0, 1, 266, vehicle.mercedes-benz.coupe, 3, -4.443, -122.638, 0.129, -1.540, 0.106, -5.218, -0.000, 5.219, 7.300, 633.077, 0.000
0, 0, 2, 267, vehicle.mercedes-benz.coupe, 3, 2.939, -134.778, 0.129, -3.123, -5.219, -0.054, -0.000, 5.220, 7.300, 633.077, 0.000
0, 0, 1, 266, vehicle.mercedes-benz.coupe, 3, -4.436, -123.160, 0.129, -1.547, -0.105, -5.204, -0.000, 5.205, 7.400, 633.177, 0.000
0, 0, 2, 267, vehicle.mercedes-benz.coupe, 3, 2.417, -134.784, 0.129, -3.126, -5.220, -0.038, -0.000, 5.220, 7.400, 633.177, 0.000
0, 0, 1, 266, vehicle.mercedes-benz.coupe, 3, -4.456, -123.679, 0.129, -1.568, -0.325, -5.191, -0.000, 5.201, 7.500, 633.277, 0.000
0, 0, 2, 267, vehicle.mercedes-benz.coupe, 3, 1.895, -134.788, 0.129, -3.128, -5.220, -0.030, -0.000, 5.220, 7.500, 633.277, 0.000
0, 0, 1, 266, vehicle.mercedes-benz.coupe, 3, -4.489, -124.198, 0.129, -1.590, -0.532, -5.168, -0.000, 5.195, 7.600, 633.377, 0.000
0, 0, 2, 267, vehicle.mercedes-benz.coupe, 3, 1.373, -134.795, 0.129, -3.127, -5.214, -0.150, -0.000, 5.216, 7.600, 633.377, 0.000
0, 0, 1, 266, vehicle.mercedes-benz.coupe, 3, -4.542, -124.714, 0.129, -1.617, -0.665, -5.160, 0.000, 5.203, 7.700, 633.477, 0.000
0, 0, 2, 267, vehicle.mercedes-benz.coupe, 3, 0.852, -134.813, 0.129, -3.121, -5.212, -0.213, -0.000, 5.216, 7.700, 633.477, 0.000
0, 0, 1, 266, vehicle.mercedes-benz.coupe, 3, -4.611, -125.229, 0.129, -1.645, -0.834, -5.139, 0.000, 5.206, 7.800, 633.577, 0.000
0, 0, 2, 267, vehicle.mercedes-benz.coupe, 3, 0.330, -134.831, 0.129, -3.116, -5.215, -0.169, 0.000, 5.217, 7.800, 633.577, 0.000
0, 0, 1, 266, vehicle.mercedes-benz.coupe, 3, -4.689, -125.744, 0.129, -1.670, -0.885, -5.140, 0.000, 5.216, 7.900, 633.677, 0.000
0, 0, 2, 267, vehicle.mercedes-benz.coupe, 3, -0.191, -134.846, 0.129, -3.115, -5.217, -0.146, 0.000, 5.219, 7.900, 633.677, 0.000
0, 0, 1, 266, vehicle.mercedes-benz.coupe, 3, -4.777, -126.257, 0.129, -1.692, -0.984, -5.126, 0.000, 5.219, 8.000, 633.777, 0.000
0, 0, 2, 267, vehicle.mercedes-benz.coupe, 3, -0.713, -134.859, 0.129, -3.116, -5.218, -0.103, 0.000, 5.219, 8.000, 633.777, 0.000
0, 0, 1, 266, vehicle.mercedes-benz.coupe, 3, -4.871, -126.771, 0.129, -1.712, -1.042, -5.118, 0.000, 5.223, 8.100, 633.877, 0.000
0, 0, 2, 267, vehicle.mercedes-benz.coupe, 3, -1.235, -134.869, 0.129, -3.118, -5.219, -0.085, -0.000, 5.219, 8.100, 633.877, 0.000
0, 0, 1, 266, vehicle.mercedes-benz.coupe, 3, -4.972, -127.283, 0.129, -1.729, -1.073, -5.114, 0.000, 5.225, 8.200, 633.977, 0.000
0, 0, 2, 267, vehicle.mercedes-benz.coupe, 3, -1.757, -134.876, 0.129, -3.121, -5.219, -0.056, 0.000, 5.220, 8.200, 633.977, 0.000
0, 0, 1, 266, vehicle.mercedes-benz.coupe, 3, -5.076, -127.795, 0.129, -1.742, -1.100, -5.108, 0.000, 5.225, 8.300, 634.077, 0.000
0, 0, 2, 267, vehicle.mercedes-benz.coupe, 3, -2.279, -134.883, 0.129, -3.124, -5.220, -0.051, 0.000, 5.220, 8.300, 634.077, 0.000
0, 0, 1, 266, vehicle.mercedes-benz.coupe, 3, -5.183, -128.306, 0.129, -1.753, -1.117, -5.104, 0.000, 5.225, 8.400, 634.177, 0.000
0, 0, 2, 267, vehicle.mercedes-benz.coupe, 3, -2.801, -134.887, 0.129, -3.127, -5.220, -0.031, -0.000, 5.220, 8.400, 634.177, 0.000
0, 0, 1, 266, vehicle.mercedes-benz.coupe, 3, -5.293, -128.817, 0.129, -1.762, -1.130, -5.100, -0.000, 5.224, 8.500, 634.277, 0.000
0, 0, 2, 267, vehicle.mercedes-benz.coupe, 3, -3.323, -134.891, 0.129, -3.129, -5.220, -0.027, -0.000, 5.220, 8.500, 634.277, 0.000
0, 0, 1, 266, vehicle.mercedes-benz.coupe, 3, -5.404, -129.327, 0.129, -1.770, -1.137, -5.098, 0.000, 5.223, 8.600, 634.377, 0.000
0, 0, 2, 267, vehicle.mercedes-benz.coupe, 3, -3.844, -134.904, 0.129, -3.124, -5.212, -0.197, -0.000, 5.216, 8.600, 634.377, 0.000
0, 0, 1, 266, vehicle.mercedes-benz.coupe, 3, -5.518, -129.837, 0.129, -1.777, -1.180, -5.086, -0.000, 5.221, 8.700, 634.477, 0.000
0, 0, 2, 267, vehicle.mercedes-benz.coupe, 3, -4.365, -134.923, 0.129, -3.119, -5.214, -0.173, -0.000, 5.217, 8.700, 634.477, 0.000
0, 0, 1, 266, vehicle.mercedes-benz.coupe, 3, -5.634, -130.346, 0.129, -1.783, -1.177, -5.086, -0.000, 5.221, 8.800, 634.577, 0.000
0, 0, 2, 267, vehicle.mercedes-benz.coupe, 3, -4.887, -134.938, 0.129, -3.117, -5.216, -0.151, 0.000, 5.218, 8.800, 634.577, 0.000
0, 0, 1, 266, vehicle.mercedes-benz.coupe, 3, -5.751, -130.855, 0.129, -1.787, -1.175, -5.086, -0.000, 5.220, 8.900, 634.677, 0.000
0, 0, 2, 267, vehicle.mercedes-benz.coupe, 3, -5.409, -134.951, 0.129, -3.117, -5.217, -0.112, 0.000, 5.219, 8.900, 634.677, 0.000
0, 0, 1, 266, vehicle.mercedes-benz.coupe, 3, -5.888, -131.355, 0.129, -1.806, -1.696, -4.877, -0.000, 5.163, 9.000, 634.777, 0.000
0, 0, 2, 267, vehicle.mercedes-benz.coupe, 3, -5.930, -134.962, 0.129, -3.119, -5.218, -0.095, -0.000, 5.219, 9.000, 634.777, 0.000
0, 0, 1, 266, vehicle.mercedes-benz.coupe, 3, -6.073, -131.671, 0.129, -1.858, -1.963, -2.663, 0.002, 3.308, 9.100, 634.877, 0.000
0, 0, 2, 267, vehicle.mercedes-benz.coupe, 3, -6.424, -135.134, 0.128, 3.091, -4.818, -1.541, -0.008, 5.058, 9.100, 634.877, 0.000
0, 0, 1, 266, vehicle.mercedes-benz.coupe, 3, -6.273, -131.893, 0.130, -1.929, -2.240, -1.887, 0.003, 2.929, 9.200, 634.977, 0.000
0, 0, 2, 267, vehicle.mercedes-benz.coupe, 3, -6.888, -135.306, 0.127, 2.997, -4.610, -1.136, -0.002, 4.748, 9.200, 634.977, 0.000
0, 0, 1, 266, vehicle.mercedes-benz.coupe, 3, -6.482, -132.052, 0.131, -2.006, -2.356, -1.235, 0.000, 2.661, 9.300, 635.077, 0.000
0, 0, 2, 267, vehicle.mercedes-benz.coupe, 3, -7.358, -135.408, 0.127, 2.920, -4.681, -0.496, 0.001, 4.707, 9.300, 635.077, 0.000
0, 0, 1, 266, vehicle.mercedes-benz.coupe, 3, -6.701, -132.160, 0.132, -2.093, -2.436, -0.758, -0.002, 2.551, 9.400, 635.177, 0.000
0, 0, 2, 267, vehicle.mercedes-benz.coupe, 3, -7.834, -135.458, 0.128, 2.872, -4.694, -0.177, 0.002, 4.697, 9.400, 635.177, 0.000
0, 0, 1, 266, vehicle.mercedes-benz.coupe, 3, -6.916, -132.233, 0.132, -2.182, -2.339, -0.493, -0.000, 2.391, 9.500, 635.277, 0.000
0, 0, 2, 267, vehicle.mercedes-benz.coupe, 3, -8.291, -135.464, 0.128, 2.843, -4.420, 0.175, 0.000, 4.424, 9.500, 635.277, 0.000
0, 0, 1, 266, vehicle.mercedes-benz.coupe, 3, -7.130, -132.298, 0.131, -2.267, -2.354, -0.530, -0.005, 2.413, 9.600, 635.377, 0.000
0, 0, 2, 267, vehicle.mercedes-benz.coupe, 3, -8.718, -135.460, 0.129, 2.833, -4.137, -0.017, 0.005, 4.138, 9.600, 635.377, 0.000
0, 0, 1, 266, vehicle.mercedes-benz.coupe, 3, -7.341, -132.372, 0.131, -2.338, -2.142, -0.655, -0.004, 2.240, 9.700, 635.477, 0.000
0, 0, 2, 267, vehicle.mercedes-benz.coupe, 3, -9.119, -135.463, 0.129, 2.838, -3.939, -0.039, 0.003, 3.939, 9.700, 635.477, 0.000
0, 0, 1, 266, vehicle.mercedes-benz.coupe, 3, -7.537, -132.449, 0.130, -2.394, -2.111, -0.603, 0.001, 2.196, 9.800, 635.577, 0.000
0, 0, 2, 267, vehicle.mercedes-benz.coupe, 3, -9.494, -135.466, 0.130, 2.841, -3.498, -0.106, -0.001, 3.499, 9.800, 635.577, 0.000
0, 0, 1, 266, vehicle.mercedes-benz.coupe, 3, -7.736, -132.522, 0.130, -2.447, -2.092, -0.652, -0.002, 2.191, 9.900, 635.677, 0.000
0, 0, 2, 267, vehicle.mercedes-benz.coupe, 3, -9.810, -135.482, 0.130, 2.851, -2.955, -0.264, 0.002, 2.967, 9.900, 635.677, 0.000
0, 0, 1, 266, vehicle.mercedes-benz.coupe, 3, -7.936, -132.608, 0.130, -2.483, -1.992, -0.848, -0.003, 2.165, 10.000, 635.777, 0.000
0, 0, 2, 267, vehicle.mercedes-benz.coupe, 3, -10.090, -135.519, 0.130, 2.848, -2.637, -0.397, 0.003, 2.666, 10.000, 635.777, 0.000
0, 0, 1, 266, vehicle.mercedes-benz.coupe, 3, -8.116, -132.702, 0.130, -2.506, -1.726, -0.913, 0.000, 1.952, 10.100, 635.877, 0.000
0, 0, 2, 267, vehicle.mercedes-benz.coupe, 3, -10.330, -135.571, 0.130, 2.833, -2.143, -0.561, -0.000, 2.215, 10.100, 635.877, 0.000
0, 0, 1, 266, vehicle.mercedes-benz.coupe, 3, -8.281, -132.790, 0.130, -2.521, -1.663, -0.760, 0.001, 1.829, 10.200, 635.977, 0.000
0, 0, 2, 267, vehicle.mercedes-benz.coupe, 3, -10.532, -135.634, 0.130, 2.827, -1.982, -0.556, -0.001, 2.059, 10.200, 635.977, 0.000
0, 0, 1, 266, vehicle.mercedes-benz.coupe, 3, -8.441, -132.867, 0.131, -2.540, -1.671, -0.721, -0.000, 1.820, 10.300, 636.077, 0.000
0, 0, 2, 267, vehicle.mercedes-benz.coupe, 3, -10.735, -135.680, 0.130, 2.823, -2.135, -0.384, -0.000, 2.169, 10.300, 636.077, 0.000
0, 0, 1, 266, vehicle.mercedes-benz.coupe, 3, -8.607, -132.944, 0.130, -2.563, -1.705, -0.703, -0.003, 1.845, 10.400, 636.177, 0.000
0, 0, 2, 267, vehicle.mercedes-benz.coupe, 3, -10.957, -135.713, 0.130, 2.811, -2.230, -0.260, 0.003, 2.245, 10.400, 636.177, 0.000
0, 0, 1, 266, vehicle.mercedes-benz.coupe, 3, -8.766, -133.017, 0.130, -2.586, -1.570, -0.621, 0.001, 1.689, 10.500, 636.277, 0.000
0, 0, 2, 267, vehicle.mercedes-benz.coupe, 3, -11.177, -135.732, 0.129, 2.789, -2.114, -0.063, -0.000, 2.115, 10.500, 636.277, 0.000
0, 0, 1, 266, vehicle.mercedes-benz.coupe, 3, -8.911, -133.080, 0.130, -2.607, -1.481, -0.534, -0.005, 1.574, 10.600, 636.377, 0.000
0, 0, 2, 267, vehicle.mercedes-benz.coupe, 3, -11.381, -135.742, 0.130, 2.768, -1.946, -0.090, 0.005, 1.948, 10.600, 636.377, 0.000
0, 0, 1, 266, vehicle.mercedes-benz.coupe, 3, -9.061, -133.140, 0.130, -2.629, -1.558, -0.549, -0.004, 1.652, 10.700, 636.477, 0.000
0, 0, 2, 267, vehicle.mercedes-benz.coupe, 3, -11.575, -135.764, 0.130, 2.765, -1.907, -0.317, 0.004, 1.933, 10.700, 636.477, 0.000
0, 0, 1, 266, vehicle.mercedes-benz.coupe, 3, -9.210, -133.198, 0.130, -2.650, -1.483, -0.507, 0.001, 1.567, 10.800, 636.577, 0.000
0, 0, 2, 267, vehicle.mercedes-benz.coupe, 3, -11.762, -135.791, 0.130, 2.767, -1.831, -0.232, -0.001, 1.846, 10.800, 636.577, 0.000
0, 0, 1, 266, vehicle.mercedes-benz.coupe, 3, -9.339, -133.249, 0.130, -2.664, -1.116, -0.461, 0.007, 1.207, 10.900, 636.677, 0.000
0, 0, 2, 267, vehicle.mercedes-benz.coupe, 3, -11.946, -135.805, 0.130, 2.765, -1.875, -0.054, -0.007, 1.876, 10.900, 636.677, 0.000
0, 0, 1, 266, vehicle.mercedes-benz.coupe, 3, -9.423, -133.293, 0.131, -2.666, -0.606, -0.406, 0.006, 0.730, 11.000, 636.777, 0.000
0, 0, 2, 267, vehicle.mercedes-benz.coupe, 3, -12.138, -135.798, 0.129, 2.760, -1.966, 0.186, -0.006, 1.975, 11.000, 636.777, 0.000
0, 0, 1, 266, vehicle.mercedes-benz.coupe, 3, -9.464, -133.328, 0.131, -2.660, -0.262, -0.334, -0.001, 0.424, 11.100, 636.877, 0.000
0, 0, 2, 267, vehicle.mercedes-benz.coupe, 3, -12.344, -135.768, 0.129, 2.759, -2.182, 0.305, 0.001, 2.203, 11.100, 636.877, 0.000
0, 0, 1, 266, vehicle.mercedes-benz.coupe, 3, -9.511, -133.338, 0.119, -2.679, -0.734, 0.077, -0.378, 0.829, 11.200, 636.977, 0.000
0, 0, 2, 267, vehicle.mercedes-benz.coupe, 3, -12.579, -135.737, 0.129, 2.782, -2.590, 0.259, 0.005, 2.603, 11.200, 636.977, 0.000
0, 0, 1, 266, vehicle.mercedes-benz.coupe, 3, -9.574, -133.298, 0.120, -2.741, -0.702, 0.727, 0.033, 1.011, 11.300, 637.077, 0.000
0, 0, 2, 267, vehicle.mercedes-benz.coupe, 3, -12.865, -135.685, 0.129, 2.813, -3.130, 0.538, 0.001, 3.176, 11.300, 637.077, 0.000
0, 0, 1, 266, vehicle.mercedes-benz.coupe, 3, -9.613, -133.239, 0.121, -2.792, -0.085, 0.658, 0.007, 0.663, 11.400, 637.177, 0.000
0, 0, 2, 267, vehicle.mercedes-benz.coupe, 3, -13.202, -135.607, 0.129, 2.833, -3.606, 0.808, 0.000, 3.695, 11.400, 637.177, 0.000
0, 0, 1, 266, vehicle.mercedes-benz.coupe, 3, -9.590, -133.193, 0.123, -2.813, 0.272, 0.550, 0.052, 0.616, 11.500, 637.277, 0.000
0, 0, 2, 267, vehicle.mercedes-benz.coupe, 3, -13.587, -135.533, 0.129, 2.863, -4.086, 0.491, -0.000, 4.116, 11.500, 637.277, 0.000
0, 0, 1, 266, vehicle.mercedes-benz.coupe, 3, -9.560, -133.149, 0.126, -2.834, 0.296, 0.530, 0.039, 0.608, 11.600, 637.377, 0.000
0, 0, 2, 267, vehicle.mercedes-benz.coupe, 3, -14.017, -135.473, 0.129, 2.901, -4.503, 0.493, -0.000, 4.530, 11.600, 637.377, 0.000
0, 0, 1, 266, vehicle.mercedes-benz.coupe, 3, -9.528, -133.106, 0.128, -2.854, 0.310, 0.516, 0.022, 0.602, 11.700, 637.477, 0.000
0, 0, 2, 267, vehicle.mercedes-benz.coupe, 3, -14.483, -135.413, 0.129, 2.934, -4.823, 0.424, -0.000, 4.841, 11.700, 637.477, 0.000
0, 0, 1, 266, vehicle.mercedes-benz.coupe, 3, -9.495, -133.062, 0.129, -2.876, 0.322, 0.505, 0.011, 0.599, 11.800, 637.577, 0.000
0, 0, 2, 267, vehicle.mercedes-benz.coupe, 3, -14.977, -135.363, 0.129, 2.966, -5.063, 0.389, 0.006, 5.078, 11.800, 637.577, 0.000
0, 0, 1, 266, vehicle.mercedes-benz.coupe, 3, -9.461, -133.020, 0.129, -2.897, 0.333, 0.495, 0.006, 0.597, 11.900, 637.677, 0.000
0, 0, 2, 267, vehicle.mercedes-benz.coupe, 3, -15.491, -135.317, 0.129, 2.994, -5.223, 0.302, 0.000, 5.232, 11.900, 637.677, 0.000
0, 0, 1, 266, vehicle.mercedes-benz.coupe, 3, -9.449, -133.002, 0.129, -2.905, -0.028, -0.014, 0.003, 0.031, 12.000, 637.777, 0.000
0, 0, 2, 267, vehicle.mercedes-benz.coupe, 3, -16.018, -135.282, 0.129, 3.020, -5.329, 0.247, -0.001, 5.335, 12.000, 637.777, 0.000
0, 0, 1, 266, vehicle.mercedes-benz.coupe, 3, -9.467, -133.021, 0.129, -2.894, -0.328, -0.417, 0.001, 0.530, 12.100, 637.877, 0.000
0, 0, 2, 267, vehicle.mercedes-benz.coupe, 3, -16.554, -135.253, 0.129, 3.042, -5.391, 0.172, -0.000, 5.393, 12.100, 637.877, 0.000
0, 0, 1, 266, vehicle.mercedes-benz.coupe, 3, -9.519, -133.080, 0.129, -2.865, -0.618, -0.866, 0.000, 1.063, 12.200, 637.977, 0.000
0, 0, 2, 267, vehicle.mercedes-benz.coupe, 3, -17.095, -135.232, 0.129, 3.063, -5.425, 0.123, -0.000, 5.427, 12.200, 637.977, 0.000
0, 0, 1, 266, vehicle.mercedes-benz.coupe, 3, -9.598, -133.176, 0.129, -2.818, -0.847, -1.294, 0.000, 1.547, 12.300, 638.077, 0.000
0, 0, 2, 267, vehicle.mercedes-benz.coupe, 3, -17.638, -135.216, 0.129, 3.079, -5.441, 0.076, -0.000, 5.442, 12.300, 638.077, 0.000
0, 0, 1, 266, vehicle.mercedes-benz.coupe, 3, -9.700, -133.311, 0.129, -2.757, -1.038, -1.721, 0.000, 2.010, 12.400, 638.177, 0.000
0, 0, 2, 267, vehicle.mercedes-benz.coupe, 3, -18.182, -135.206, 0.129, 3.094, -5.447, 0.044, -0.000, 5.448, 12.400, 638.177, 0.000
0, 0, 1, 266, vehicle.mercedes-benz.coupe, 3, -9.841, -133.482, 0.129, -2.692, -1.643, -1.991, 0.000, 2.581, 12.500, 638.277, 0.000
0, 0, 2, 267, vehicle.mercedes-benz.coupe, 3, -18.727, -135.199, 0.129, 3.105, -5.448, 0.017, -0.000, 5.448, 12.500, 638.277, 0.000
0, 0, 1, 266, vehicle.mercedes-benz.coupe, 3, -10.061, -133.664, 0.128, -2.653, -2.501, -1.895, 0.000, 3.138, 12.600, 638.377, 0.000
0, 0, 2, 267, vehicle.mercedes-benz.coupe, 3, -19.271, -135.195, 0.129, 3.115, -5.445, 0.000, -0.000, 5.445, 12.600, 638.377, 0.000
0, 0, 1, 266, vehicle.mercedes-benz.coupe, 3, -10.348, -133.851, 0.128, -2.636, -3.093, -1.987, -0.000, 3.676, 12.700, 638.477, 0.000
0, 0, 2, 267, vehicle.mercedes-benz.coupe, 3, -19.815, -135.203, 0.129, 3.130, -5.432, -0.185, -0.000, 5.435, 12.700, 638.477, 0.000
0, 0, 1, 266, vehicle.mercedes-benz.coupe, 3, -10.689, -134.053, 0.128, -2.631, -3.673, -1.971, -0.000, 4.168, 12.800, 638.577, 0.000
0, 0, 2, 267, vehicle.mercedes-benz.coupe, 3, -20.358, -135.218, 0.129, -3.140, -5.431, -0.179, -0.000, 5.434, 12.800, 638.577, 0.000
0, 0, 1, 266, vehicle.mercedes-benz.coupe, 3, -11.082, -134.253, 0.129, -2.643, -4.137, -2.013, 0.000, 4.601, 12.900, 638.677, 0.000
0, 0, 2, 267, vehicle.mercedes-benz.coupe, 3, -20.901, -135.232, 0.129, -3.132, -5.431, -0.169, 0.000, 5.433, 12.900, 638.677, 0.000
0, 0, 1, 266, vehicle.mercedes-benz.coupe, 3, -11.512, -134.461, 0.129, -2.658, -4.508, -1.956, 0.000, 4.914, 13.000, 638.777, 0.000
0, 0, 2, 267, vehicle.mercedes-benz.coupe, 3, -21.444, -135.246, 0.129, -3.127, -5.430, -0.132, -0.000, 5.432, 13.000, 638.777, 0.000
0, 0, 1, 266, vehicle.mercedes-benz.coupe, 3, -11.978, -134.641, 0.129, -2.696, -4.847, -1.552, 0.006, 5.089, 13.100, 638.877, 0.000
0, 0, 2, 267, vehicle.mercedes-benz.coupe, 3, -21.987, -135.258, 0.129, -3.125, -5.430, -0.115, 0.000, 5.431, 13.100, 638.877, 0.000
0, 0, 1, 266, vehicle.mercedes-benz.coupe, 3, -12.468, -134.798, 0.129, -2.741, -5.050, -1.234, 0.000, 5.199, 13.200, 638.977, 0.000
0, 0, 2, 267, vehicle.mercedes-benz.coupe, 3, -22.530, -135.268, 0.129, -3.125, -5.429, -0.086, 0.000, 5.430, 13.200, 638.977, 0.000
0, 0, 1, 266, vehicle.mercedes-benz.coupe, 3, -12.975, -134.918, 0.129, -2.796, -5.182, -0.941, -0.001, 5.267, 13.300, 639.077, 0.000
0, 0, 2, 267, vehicle.mercedes-benz.coupe, 3, -23.073, -135.276, 0.129, -3.126, -5.429, -0.071, -0.000, 5.429, 13.300, 639.077, 0.000
0, 0, 1, 266, vehicle.mercedes-benz.coupe, 3, -13.492, -135.017, 0.129, -2.847, -5.250, -0.754, -0.000, 5.304, 13.400, 639.177, 0.000
0, 0, 2, 267, vehicle.mercedes-benz.coupe, 3, -23.616, -135.281, 0.129, -3.127, -5.429, -0.047, -0.000, 5.429, 13.400, 639.177, 0.000
0, 0, 1, 266, vehicle.mercedes-benz.coupe, 3, -14.015, -135.101, 0.129, -2.891, -5.274, -0.658, -0.000, 5.315, 13.500, 639.277, 0.000
0, 0, 2, 267, vehicle.mercedes-benz.coupe, 3, -24.158, -135.286, 0.129, -3.129, -5.428, -0.041, 0.000, 5.429, 13.500, 639.277, 0.000
0, 0, 1, 266, vehicle.mercedes-benz.coupe, 3, -14.539, -135.165, 0.129, -2.933, -5.276, -0.421, -0.000, 5.293, 13.600, 639.377, 0.000
0, 0, 2, 267, vehicle.mercedes-benz.coupe, 3, -24.701, -135.295, 0.129, -3.128, -5.421, -0.168, -0.000, 5.424, 13.600, 639.377, 0.000
0, 0, 1, 266, vehicle.mercedes-benz.coupe, 3, -15.064, -135.213, 0.129, -2.971, -5.269, -0.324, -0.000, 5.279, 13.700, 639.477, 0.000
0, 0, 2, 267, vehicle.mercedes-benz.coupe, 3, -25.243, -135.314, 0.129, -3.120, -5.418, -0.243, 0.000, 5.424, 13.700, 639.477, 0.000
0, 0, 1, 266, vehicle.mercedes-benz.coupe, 3, -15.589, -135.248, 0.129, -3.005, -5.257, -0.189, -0.000, 5.260, 13.800, 639.577, 0.000
0, 0, 2, 267, vehicle.mercedes-benz.coupe, 3, -25.785, -135.332, 0.129, -3.116, -5.422, -0.176, -0.000, 5.425, 13.800, 639.577, 0.000
0, 0, 1, 266, vehicle.mercedes-benz.coupe, 3, -16.113, -135.272, 0.129, -3.034, -5.245, -0.105, -0.000, 5.246, 13.900, 639.677, 0.000
0, 0, 2, 267, vehicle.mercedes-benz.coupe, 3, -26.327, -135.347, 0.129, -3.116, -5.424, -0.129, 0.000, 5.426, 13.900, 639.677, 0.000
0, 0, 1, 266, vehicle.mercedes-benz.coupe, 3, -16.636, -135.288, 0.129, -3.059, -5.237, -0.056, -0.000, 5.237, 14.000, 639.777, 0.000
0, 0, 2, 267, vehicle.mercedes-benz.coupe, 3, -26.870, -135.359, 0.129, -3.117, -5.425, -0.108, 0.000, 5.426, 14.000, 639.777, 0.000
0, 0, 1, 266, vehicle.mercedes-benz.coupe, 3, -17.159, -135.299, 0.129, -3.079, -5.230, -0.021, -0.000, 5.230, 14.100, 639.877, 0.000
0, 0, 2, 267, vehicle.mercedes-benz.coupe, 3, -27.412, -135.369, 0.129, -3.119, -5.426, -0.079, 0.000, 5.427, 14.100, 639.877, 0.000
0, 0, 1, 266, vehicle.mercedes-benz.coupe, 3, -17.681, -135.305, 0.129, -3.095, -5.226, 0.001, -0.000, 5.226, 14.200, 639.977, 0.000
0, 0, 2, 267, vehicle.mercedes-benz.coupe, 3, -27.955, -135.377, 0.129, -3.122, -5.427, -0.065, 0.000, 5.427, 14.200, 639.977, 0.000
0, 0, 1, 266, vehicle.mercedes-benz.coupe, 3, -18.204, -135.308, 0.129, -3.107, -5.223, 0.013, -0.000, 5.223, 14.300, 640.077, 0.000
0, 0, 2, 267, vehicle.mercedes-benz.coupe, 3, -28.498, -135.384, 0.129, -3.124, -5.428, -0.057, 0.000, 5.428, 14.300, 640.077, 0.000
0, 0, 1, 266, vehicle.mercedes-benz.coupe, 3, -18.726, -135.310, 0.129, -3.117, -5.221, 0.021, -0.000, 5.221, 14.400, 640.177, 0.000
0, 0, 2, 267, vehicle.mercedes-benz.coupe, 3, -29.041, -135.389, 0.129, -3.127, -5.428, -0.036, -0.000, 5.428, 14.400, 640.177, 0.000
0, 0, 1, 266, vehicle.mercedes-benz.coupe, 3, -19.248, -135.310, 0.129, -3.125, -5.220, 0.022, -0.000, 5.220, 14.500, 640.277, 0.000
0, 0, 2, 267, vehicle.mercedes-benz.coupe, 3, -29.583, -135.403, 0.129, -3.123, -5.421, -0.189, -0.000, 5.425, 14.500, 640.277, 0.000
0, 0, 1, 266, vehicle.mercedes-benz.coupe, 3, -19.770, -135.310, 0.129, -3.130, -5.220, 0.024, 0.000, 5.220, 14.600, 640.377, 0.000
0, 0, 2, 267, vehicle.mercedes-benz.coupe, 3, -30.125, -135.422, 0.129, -3.117, -5.421, -0.217, 0.000, 5.426, 14.600, 640.377, 0.000
0, 0, 1, 266, vehicle.mercedes-benz.coupe, 3, -20.292, -135.309, 0.129, -3.134, -5.219, 0.021, -0.000, 5.220, 14.700, 640.477, 0.000
0, 0, 2, 267, vehicle.mercedes-benz.coupe, 3, -30.667, -135.441, 0.129, -3.114, -5.423, -0.170, 0.000, 5.426, 14.700, 640.477, 0.000
0, 0, 1, 266, vehicle.mercedes-benz.coupe, 3, -20.813, -135.308, 0.129, -3.137, -5.219, 0.021, -0.000, 5.220, 14.800, 640.577, 0.000
0, 0, 2, 267, vehicle.mercedes-benz.coupe, 3, -31.210, -135.456, 0.129, -3.114, -5.425, -0.140, 0.000, 5.427, 14.800, 640.577, 0.000
0, 0, 1, 266, vehicle.mercedes-benz.coupe, 3, -21.335, -135.307, 0.129, -3.139, -5.220, 0.016, 0.000, 5.220, 14.900, 640.677, 0.000
0, 0, 2, 267, vehicle.mercedes-benz.coupe, 3, -31.752, -135.467, 0.129, -3.117, -5.426, -0.088, 0.000, 5.427, 14.900, 640.677, 0.000
0, 0, 1, 266, vehicle.mercedes-benz.coupe, 3, -21.857, -135.306, 0.129, -3.141, -5.220, 0.016, 0.000, 5.220, 15.000, 640.777, 0.000
0, 0, 2, 267, vehicle.mercedes-benz.coupe, 3, -32.295, -135.476, 0.129, -3.120, -5.427, -0.062, 0.000, 5.427, 15.000, 640.777, 0.000
0, 0, 1, 266, vehicle.mercedes-benz.coupe, 3, -22.379, -135.305, 0.129, -3.141, -5.220, 0.011, -0.000, 5.220, 15.100, 640.877, 0.000
0, 0, 2, 267, vehicle.mercedes-benz.coupe, 3, -32.838, -135.482, 0.129, -3.123, -5.427, -0.049, 0.000, 5.428, 15.100, 640.877, 0.000
0, 0, 1, 266, vehicle.mercedes-benz.coupe, 3, -22.901, -135.304, 0.129, 3.141, -5.220, 0.011, 0.000, 5.220, 15.200, 640.977, 0.000
0, 0, 2, 267, vehicle.mercedes-benz.coupe, 3, -33.380, -135.487, 0.129, -3.126, -5.428, -0.035, 0.000, 5.428, 15.200, 640.977, 0.000
0, 0, 1, 266, vehicle.mercedes-benz.coupe, 3, -23.423, -135.303, 0.129, 3.141, -5.220, 0.008, -0.000, 5.220, 15.300, 641.077, 0.000
0, 0, 2, 267, vehicle.mercedes-benz.coupe, 3, -33.923, -135.491, 0.129, -3.129, -5.428, -0.027, 0.000, 5.428, 15.300, 641.077, 0.000
0, 0, 1, 266, vehicle.mercedes-benz.coupe, 3, -23.945, -135.302, 0.129, 3.141, -5.220, 0.007, 0.000, 5.220, 15.400, 641.177, 0.000
0, 0, 2, 267, vehicle.mercedes-benz.coupe, 3, -34.465, -135.504, 0.129, -3.124, -5.421, -0.184, -0.000, 5.425, 15.400, 641.177, 0.000
0, 0, 1, 266, vehicle.mercedes-benz.coupe, 3, -24.467, -135.302, 0.129, 3.141, -5.220, 0.005, -0.000, 5.220, 15.500, 641.277, 0.000
0, 0, 2, 267, vehicle.mercedes-benz.coupe, 3, -35.008, -135.522, 0.129, -3.119, -5.421, -0.213, -0.000, 5.426, 15.500, 641.277, 0.000
0, 0, 1, 266, vehicle.mercedes-benz.coupe, 3, -24.989, -135.302, 0.129, 3.141, -5.220, 0.004, 0.000, 5.220, 15.600, 641.377, 0.000
0, 0, 2, 267, vehicle.mercedes-benz.coupe, 3, -35.550, -135.538, 0.129, -3.117, -5.424, -0.151, 0.000, 5.426, 15.600, 641.377, 0.000
0, 0, 1, 266, vehicle.mercedes-benz.coupe, 3, -25.511, -135.301, 0.129, 3.141, -5.220, 0.003, -0.000, 5.220, 15.700, 641.477, 0.000
0, 0, 2, 267, vehicle.mercedes-benz.coupe, 3, -36.092, -135.553, 0.129, -3.116, -5.425, -0.143, -0.000, 5.427, 15.700, 641.477, 0.000
0, 0, 1, 266, vehicle.mercedes-benz.coupe, 3, -26.033, -135.301, 0.129, 3.141, -5.220, 0.002, -0.000, 5.220, 15.800, 641.577, 0.000
0, 0, 2, 267, vehicle.mercedes-benz.coupe, 3, -36.635, -135.564, 0.129, -3.118, -5.426, -0.095, -0.000, 5.427, 15.800, 641.577, 0.000
0, 0, 1, 266, vehicle.mercedes-benz.coupe, 3, -26.555, -135.301, 0.129, 3.141, -5.220, 0.002, -0.000, 5.220, 15.900, 641.677, 0.000
0, 0, 2, 267, vehicle.mercedes-benz.coupe, 3, -37.178, -135.573, 0.129, -3.121, -5.427, -0.067, 0.000, 5.427, 15.900, 641.677, 0.000
0, 0, 1, 266, vehicle.mercedes-benz.coupe, 3, -27.077, -135.304, 0.129, -3.139, -5.214, -0.122, -0.000, 5.215, 16.000, 641.777, 0.000
0, 0, 2, 267, vehicle.mercedes-benz.coupe, 3, -37.720, -135.580, 0.129, -3.123, -5.427, -0.054, 0.000, 5.428, 16.000, 641.777, 0.000
0, 0, 1, 266, vehicle.mercedes-benz.coupe, 3, -27.598, -135.319, 0.129, -3.130, -5.212, -0.199, -0.000, 5.216, 16.100, 641.877, 0.000
0, 0, 2, 267, vehicle.mercedes-benz.coupe, 3, -38.263, -135.586, 0.129, -3.126, -5.428, -0.046, -0.000, 5.428, 16.100, 641.877, 0.000
0, 0, 1, 266, vehicle.mercedes-benz.coupe, 3, -28.120, -135.335, 0.129, -3.124, -5.215, -0.162, 0.000, 5.217, 16.200, 641.977, 0.000
0, 0, 2, 267, vehicle.mercedes-benz.coupe, 3, -38.806, -135.590, 0.129, -3.129, -5.428, -0.030, -0.000, 5.428, 16.200, 641.977, 0.000
0, 0, 1, 266, vehicle.mercedes-benz.coupe, 3, -28.641, -135.349, 0.129, -3.122, -5.217, -0.140, 0.000, 5.219, 16.300, 642.077, 0.000
0, 0, 2, 267, vehicle.mercedes-benz.coupe, 3, -39.348, -135.597, 0.129, -3.128, -5.422, -0.147, -0.000, 5.424, 16.300, 642.077, 0.000
0, 0, 1, 266, vehicle.mercedes-benz.coupe, 3, -29.163, -135.360, 0.129, -3.122, -5.218, -0.096, 0.000, 5.219, 16.400, 642.177, 0.000
0, 0, 2, 267, vehicle.mercedes-benz.coupe, 3, -39.891, -135.614, 0.129, -3.121, -5.420, -0.214, -0.000, 5.425, 16.400, 642.177, 0.000
0, 0, 1, 266, vehicle.mercedes-benz.coupe, 3, -29.685, -135.369, 0.129, -3.122, -5.219, -0.090, -0.000, 5.220, 16.500, 642.277, 0.000
0, 0, 2, 267, vehicle.mercedes-benz.coupe, 3, -40.433, -135.634, 0.129, -3.117, -5.422, -0.176, 0.000, 5.425, 16.500, 642.277, 0.000
0, 0, 1, 266, vehicle.mercedes-benz.coupe, 3, -30.207, -135.376, 0.129, -3.124, -5.220, -0.058, -0.000, 5.220, 16.600, 642.377, 0.000
0, 0, 2, 267, vehicle.mercedes-benz.coupe, 3, -40.975, -135.649, 0.129, -3.116, -5.424, -0.148, 0.000, 5.426, 16.600, 642.377, 0.000
0, 0, 1, 266, vehicle.mercedes-benz.coupe, 3, -30.729, -135.382, 0.129, -3.126, -5.220, -0.053, -0.000, 5.220, 16.700, 642.477, 0.000
0, 0, 2, 267, vehicle.mercedes-benz.coupe, 3, -41.518, -135.661, 0.129, -3.118, -5.426, -0.099, -0.000, 5.427, 16.700, 642.477, 0.000
0, 0, 1, 266, vehicle.mercedes-benz.coupe, 3, -31.251, -135.387, 0.129, -3.128, -5.220, -0.033, -0.000, 5.220, 16.800, 642.577, 0.000
0, 0, 2, 267, vehicle.mercedes-benz.coupe, 3, -42.060, -135.671, 0.129, -3.120, -5.426, -0.090, -0.000, 5.427, 16.800, 642.577, 0.000
0, 0, 1, 266, vehicle.mercedes-benz.coupe, 3, -31.773, -135.390, 0.129, -3.130, -5.220, -0.022, -0.000, 5.220, 16.900, 642.677, 0.000
0, 0, 2, 267, vehicle.mercedes-benz.coupe, 3, -42.603, -135.678, 0.129, -3.122, -5.427, -0.058, -0.000, 5.427, 16.900, 642.677, 0.000
0, 0, 1, 266, vehicle.mercedes-benz.coupe, 3, -32.295, -135.393, 0.129, -3.132, -5.220, -0.017, 0.000, 5.220, 17.000, 642.777, 0.000
0, 0, 2, 267, vehicle.mercedes-benz.coupe, 3, -43.146, -135.684, 0.129, -3.125, -5.428, -0.051, 0.000, 5.428, 17.000, 642.777, 0.000
0, 0, 1, 266, vehicle.mercedes-benz.coupe, 3, -32.817, -135.395, 0.129, -3.134, -5.220, -0.012, -0.000, 5.220, 17.100, 642.877, 0.000
0, 0, 2, 267, vehicle.mercedes-benz.coupe, 3, -43.688, -135.689, 0.129, -3.128, -5.428, -0.032, -0.000, 5.428, 17.100, 642.877, 0.000
0, 0, 1, 266, vehicle.mercedes-benz.coupe, 3, -33.339, -135.396, 0.129, -3.136, -5.220, -0.009, 0.000, 5.220, 17.200, 642.977, 0.000
0, 0, 2, 267, vehicle.mercedes-benz.coupe, 3, -44.231, -135.696, 0.129, -3.127, -5.423, -0.143, -0.000, 5.425, 17.200, 642.977, 0.000
0, 0, 1, 266, vehicle.mercedes-benz.coupe, 3, -33.861, -135.398, 0.129, -3.137, -5.220, -0.006, -0.000, 5.220, 17.300, 643.077, 0.000
0, 0, 2, 267, vehicle.mercedes-benz.coupe, 3, -44.773, -135.713, 0.129, -3.121, -5.421, -0.206, -0.000, 5.425, 17.300, 643.077, 0.000
0, 0, 1, 266, vehicle.mercedes-benz.coupe, 3, -34.383, -135.399, 0.129, -3.138, -5.220, -0.004, -0.000, 5.220, 17.400, 643.177, 0.000
0, 0, 2, 267, vehicle.mercedes-benz.coupe, 3, -45.315, -135.731, 0.129, -3.117, -5.423, -0.169, -0.000, 5.426, 17.400, 643.177, 0.000
0, 0, 1, 266, vehicle.mercedes-benz.coupe, 3, -34.904, -135.399, 0.129, -3.138, -5.175, -0.013, 0.000, 5.175, 17.500, 643.277, 0.000
0, 0, 2, 267, vehicle.mercedes-benz.coupe, 3, -45.858, -135.746, 0.129, -3.116, -5.424, -0.147, -0.000, 5.426, 17.500, 643.277, 0.000
0, 0, 1, 266, vehicle.mercedes-benz.coupe, 3, -35.400, -135.401, 0.129, -3.138, -4.713, -0.015, -0.004, 4.713, 17.600, 643.377, 0.000
0, 0, 2, 267, vehicle.mercedes-benz.coupe, 3, -46.400, -135.759, 0.129, -3.117, -5.426, -0.108, 0.000, 5.427, 17.600, 643.377, 0.000
0, 0, 1, 266, vehicle.mercedes-benz.coupe, 3, -35.823, -135.402, 0.130, -3.138, -3.785, -0.012, -0.000, 3.785, 17.700, 643.477, 0.000
0, 0, 2, 267, vehicle.mercedes-benz.coupe, 3, -46.943, -135.770, 0.129, -3.119, -5.427, -0.089, -0.000, 5.427, 17.700, 643.477, 0.000
0, 0, 1, 266, vehicle.mercedes-benz.coupe, 3, -36.143, -135.403, 0.130, -3.138, -2.716, -0.009, 0.001, 2.716, 17.800, 643.577, 0.000
0, 0, 2, 267, vehicle.mercedes-benz.coupe, 3, -47.486, -135.777, 0.129, -3.122, -5.427, -0.058, -0.000, 5.428, 17.800, 643.577, 0.000
0, 0, 1, 266, vehicle.mercedes-benz.coupe, 3, -36.355, -135.404, 0.130, -3.138, -1.649, -0.005, 0.000, 1.649, 17.900, 643.677, 0.000
0, 0, 2, 267, vehicle.mercedes-benz.coupe, 3, -48.028, -135.783, 0.129, -3.125, -5.428, -0.051, 0.000, 5.428, 17.900, 643.677, 0.000
0, 0, 1, 266, vehicle.mercedes-benz.coupe, 3, -36.461, -135.404, 0.130, -3.138, -0.583, -0.002, 0.000, 0.583, 18.000, 643.777, 0.000
0, 0, 2, 267, vehicle.mercedes-benz.coupe, 3, -48.571, -135.788, 0.129, -3.127, -5.428, -0.032, 0.000, 5.428, 18.000, 643.777, 0.000
0, 0, 1, 266, vehicle.mercedes-benz.coupe, 3, -36.472, -135.404, 0.130, -3.138, 0.001, -0.000, 0.000, 0.001, 18.100, 643.877, 0.000
0, 0, 2, 267, vehicle.mercedes-benz.coupe, 3, -49.114, -135.792, 0.129, -3.130, -5.428, -0.027, -0.000, 5.428, 18.100, 643.877, 0.000
0, 0, 1, 266, vehicle.mercedes-benz.coupe, 3, -36.472, -135.404, 0.130, -3.138, 0.001, 0.000, 0.000, 0.001, 18.200, 643.977, 0.000
0, 0, 2, 267, vehicle.mercedes-benz.coupe, 3, -49.656, -135.806, 0.129, -3.124, -5.420, -0.203, -0.000, 5.424, 18.200, 643.977, 0.000
0, 0, 1, 266, vehicle.mercedes-benz.coupe, 3, -36.472, -135.404, 0.130, -3.138, 0.001, 0.000, -0.000, 0.001, 18.300, 644.077, 0.000
0, 0, 2, 267, vehicle.mercedes-benz.coupe, 3, -50.198, -135.824, 0.129, -3.119, -5.422, -0.180, 0.000, 5.425, 18.300, 644.077, 0.000
0, 0, 1, 266, vehicle.mercedes-benz.coupe, 3, -36.473, -135.404, 0.129, -3.138, 0.000, 0.000, -0.000, 0.000, 18.400, 644.177, 0.000
0, 0, 2, 267, vehicle.mercedes-benz.coupe, 3, -50.740, -135.840, 0.129, -3.117, -5.423, -0.160, -0.000, 5.426, 18.400, 644.177, 0.000
0, 0, 1, 266, vehicle.mercedes-benz.coupe, 3, -36.473, -135.404, 0.129, -3.138, 0.000, 0.000, -0.000, 0.000, 18.500, 644.277, 0.000
0, 0, 2, 267, vehicle.mercedes-benz.coupe, 3, -51.283, -135.854, 0.129, -3.117, -5.425, -0.120, 0.000, 5.426, 18.500, 644.277, 0.000
0, 0, 1, 266, vehicle.mercedes-benz.coupe, 3, -36.473, -135.404, 0.129, -3.138, 0.000, 0.000, -0.000, 0.000, 18.600, 644.377, 0.000
0, 0, 2, 267, vehicle.mercedes-benz.coupe, 3, -51.825, -135.865, 0.129, -3.118, -5.426, -0.099, -0.000, 5.427, 18.600, 644.377, 0.000
0, 0, 1, 266, vehicle.mercedes-benz.coupe, 3, -36.473, -135.404, 0.129, -3.138, 0.000, 0.000, 0.000, 0.000, 18.700, 644.477, 0.000
0, 0, 2, 267, vehicle.mercedes-benz.coupe, 3, -52.368, -135.874, 0.129, -3.121, -5.427, -0.065, 0.000, 5.427, 18.700, 644.477, 0.000
0, 0, 1, 266, vehicle.mercedes-benz.coupe, 3, -36.473, -135.404, 0.129, -3.138, 0.000, 0.000, 0.000, 0.000, 18.800, 644.577, 0.000
0, 0, 2, 267, vehicle.mercedes-benz.coupe, 3, -52.911, -135.881, 0.129, -3.124, -5.427, -0.058, -0.000, 5.428, 18.800, 644.577, 0.000
0, 0, 1, 266, vehicle.mercedes-benz.coupe, 3, -36.473, -135.404, 0.129, -3.138, 0.000, 0.000, 0.000, 0.000, 18.900, 644.677, 0.000
0, 0, 2, 267, vehicle.mercedes-benz.coupe, 3, -53.453, -135.886, 0.129, -3.126, -5.428, -0.037, -0.000, 5.428, 18.900, 644.677, 0.000
0, 0, 1, 266, vehicle.mercedes-benz.coupe, 3, -36.473, -135.404, 0.129, -3.138, 0.000, 0.000, 0.000, 0.000, 19.000, 644.777, 0.000
0, 0, 2, 267, vehicle.mercedes-benz.coupe, 3, -53.996, -135.890, 0.129, -3.129, -5.428, -0.032, -0.000, 5.428, 19.000, 644.777, 0.000
0, 0, 1, 266, vehicle.mercedes-benz.coupe, 3, -36.473, -135.404, 0.129, -3.138, 0.000, 0.000, 0.000, 0.000, 19.100, 644.877, 0.000
0, 0, 2, 267, vehicle.mercedes-benz.coupe, 3, -54.538, -135.904, 0.129, -3.124, -5.420, -0.198, -0.000, 5.424, 19.100, 644.877, 0.000
0, 0, 1, 266, vehicle.mercedes-benz.coupe, 3, -36.473, -135.404, 0.129, -3.138, 0.000, 0.000, 0.000, 0.000, 19.200, 644.977, 0.000
0, 0, 2, 267, vehicle.mercedes-benz.coupe, 3, -55.081, -135.922, 0.129, -3.119, -5.422, -0.176, 0.000, 5.425, 19.200, 644.977, 0.000
0, 0, 1, 266, vehicle.mercedes-benz.coupe, 3, -36.473, -135.404, 0.129, -3.138, 0.000, 0.000, 0.000, 0.000, 19.300, 645.077, 0.000
0, 0, 2, 267, vehicle.mercedes-benz.coupe, 3, -55.623, -135.938, 0.129, -3.117, -5.424, -0.158, 0.000, 5.426, 19.300, 645.077, 0.000
0, 0, 1, 266, vehicle.mercedes-benz.coupe, 3, -36.473, -135.404, 0.129, -3.138, 0.000, 0.000, 0.000, 0.000, 19.400, 645.177, 0.000
0, 0, 2, 267, vehicle.mercedes-benz.coupe, 3, -56.165, -135.952, 0.129, -3.117, -5.425, -0.119, -0.000, 5.426, 19.400, 645.177, 0.000
0, 0, 1, 266, vehicle.mercedes-benz.coupe, 3, -36.473, -135.404, 0.129, -3.138, 0.000, 0.000, 0.000, 0.000, 19.500, 645.277, 0.000
0, 0, 2, 267, vehicle.mercedes-benz.coupe, 3, -56.708, -135.963, 0.129, -3.118, -5.426, -0.100, -0.000, 5.427, 19.500, 645.277, 0.000
0, 0, 1, 266, vehicle.mercedes-benz.coupe, 3, -36.473, -135.404, 0.129, -3.138, 0.000, 0.000, 0.000, 0.000, 19.600, 645.377, 0.000
0, 0, 2, 267, vehicle.mercedes-benz.coupe, 3, -57.251, -135.972, 0.129, -3.120, -5.427, -0.073, -0.000, 5.427, 19.600, 645.377, 0.000
0, 0, 1, 266, vehicle.mercedes-benz.coupe, 3, -36.473, -135.404, 0.129, -3.138, 0.000, 0.000, 0.000, 0.000, 19.700, 645.477, 0.000
0, 0, 2, 267, vehicle.mercedes-benz.coupe, 3, -57.793, -135.980, 0.129, -3.123, -5.427, -0.059, -0.000, 5.428, 19.700, 645.477, 0.000
0, 0, 1, 266, vehicle.mercedes-benz.coupe, 3, -36.473, -135.404, 0.129, -3.138, 0.000, 0.000, 0.000, 0.000, 19.800, 645.577, 0.000
0, 0, 2, 267, vehicle.mercedes-benz.coupe, 3, -58.336, -135.986, 0.129, -3.126, -5.428, -0.041, -0.000, 5.428, 19.800, 645.577, 0.000
0, 0, 1, 266, vehicle.mercedes-benz.coupe, 3, -36.473, -135.404, 0.129, -3.138, 0.000, 0.000, 0.000, 0.000, 19.900, 645.677, 0.000
0, 0, 2, 267, vehicle.mercedes-benz.coupe, 3, -58.879, -135.990, 0.129, -3.128, -5.428, -0.032, 0.000, 5.428, 19.900, 645.677, 0.000
0, 0, 1, 266, vehicle.mercedes-benz.coupe, 3, -36.473, -135.404, 0.129, -3.138, 0.000, 0.000, 0.000, 0.000, 20.000, 645.777, 0.000
0, 0, 2, 267, vehicle.mercedes-benz.coupe, 3, -59.421, -136.003, 0.129, -3.124, -5.421, -0.190, -0.000, 5.424, 20.000, 645.777, 0.000
0, 0, 1, 266, vehicle.mercedes-benz.coupe, 3, -36.473, -135.404, 0.129, -3.138, 0.000, 0.000, 0.000, 0.000, 20.100, 645.877, 0.000
0, 0, 2, 267, vehicle.mercedes-benz.coupe, 3, -59.963, -136.022, 0.129, -3.118, -5.421, -0.219, 0.000, 5.425, 20.100, 645.877, 0.000
0, 0, 1, 266, vehicle.mercedes-benz.coupe, 3, -36.473, -135.404, 0.129, -3.138, 0.000, 0.000, 0.000, 0.000, 20.200, 645.977, 0.000
0, 0, 2, 267, vehicle.mercedes-benz.coupe, 3, -60.506, -136.039, 0.129, -3.116, -5.424, -0.154, 0.000, 5.426, 20.200, 645.977, 0.000
0, 0, 1, 266, vehicle.mercedes-benz.coupe, 3, -36.473, -135.404, 0.129, -3.138, 0.000, 0.000, 0.000, 0.000, 20.300, 646.077, 0.000
0, 0, 2, 267, vehicle.mercedes-benz.coupe, 3, -61.048, -136.053, 0.129, -3.116, -5.425, -0.146, 0.000, 5.427, 20.300, 646.077, 0.000
0, 0, 1, 266, vehicle.mercedes-benz.coupe, 3, -36.473, -135.404, 0.129, -3.138, 0.000, 0.000, 0.000, 0.000, 20.400, 646.177, 0.000
0, 0, 2, 267, vehicle.mercedes-benz.coupe, 3, -61.581, -136.067, 0.129, -3.116, -5.154, -0.134, 0.000, 5.156, 20.400, 646.177, 0.000
0, 0, 1, 266, vehicle.mercedes-benz.coupe, 3, -36.473, -135.404, 0.129, -3.138, 0.000, 0.000, 0.000, 0.000, 20.500, 646.277, 0.000
0, 0, 2, 267, vehicle.mercedes-benz.coupe, 3, -62.049, -136.079, 0.130, -3.116, -4.232, -0.110, -0.002, 4.233, 20.500, 646.277, 0.000
0, 0, 1, 266, vehicle.mercedes-benz.coupe, 3, -36.473, -135.404, 0.129, -3.138, 0.000, 0.000, 0.000, 0.000, 20.600, 646.377, 0.000
0, 0, 2, 267, vehicle.mercedes-benz.coupe, 3, -62.413, -136.089, 0.130, -3.116, -3.163, -0.082, 0.000, 3.164, 20.600, 646.377, 0.000
0, 0, 1, 266, vehicle.mercedes-benz.coupe, 3, -36.473, -135.404, 0.129, -3.138, 0.000, 0.000, 0.000, 0.000, 20.700, 646.477, 0.000
0, 0, 2, 267, vehicle.mercedes-benz.coupe, 3, -62.670, -136.096, 0.130, -3.116, -2.095, -0.054, 0.001, 2.096, 20.700, 646.477, 0.000
0, 0, 1, 266, vehicle.mercedes-benz.coupe, 3, -36.473, -135.404, 0.129, -3.138, 0.000, 0.000, 0.000, 0.000, 20.800, 646.577, 0.000
0, 0, 2, 267, vehicle.mercedes-benz.coupe, 3, -62.821, -136.099, 0.130, -3.116, -1.028, -0.027, 0.000, 1.029, 20.800, 646.577, 0.000
0, 0, 1, 266, vehicle.mercedes-benz.coupe, 3, -36.473, -135.404, 0.129, -3.138, 0.000, 0.000, 0.000, 0.000, 20.900, 646.677, 0.000
0, 0, 2, 267, vehicle.mercedes-benz.coupe, 3, -62.865, -136.101, 0.131, -3.116, 0.000, 0.000, 0.000, 0.000, 20.900, 646.677, 0.000
0, 0, 1, 266, vehicle.mercedes-benz.coupe, 3, -36.473, -135.404, 0.129, -3.138, 0.000, 0.000, 0.000, 0.000, 21.000, 646.777, 0.000
0, 0, 2, 267, vehicle.mercedes-benz.coupe, 3, -62.865, -136.101, 0.130, -3.116, 0.001, 0.000, 0.000, 0.001, 21.000, 646.777, 0.000
0, 0, 1, 266, vehicle.mercedes-benz.coupe, 3, -36.473, -135.404, 0.129, -3.138, 0.000, 0.000, 0.000, 0.000, 21.100, 646.877, 0.000
0, 0, 2, 267, vehicle.mercedes-benz.coupe, 3, -62.865, -136.101, 0.130, -3.116, 0.001, 0.000, 0.000, 0.001, 21.100, 646.877, 0.000
0, 0, 1, 266, vehicle.mercedes-benz.coupe, 3, -36.473, -135.404, 0.129, -3.138, 0.000, 0.000, 0.000, 0.000, 21.200, 646.977, 0.000
0, 0, 2, 267, vehicle.mercedes-benz.coupe, 3, -62.866, -136.101, 0.130, -3.116, 0.001, 0.000, 0.000, 0.001, 21.200, 646.977, 0.000
0, 0, 1, 266, vehicle.mercedes-benz.coupe, 3, -36.473, -135.404, 0.129, -3.138, 0.000, 0.000, 0.000, 0.000, 21.300, 647.077, 0.000
0, 0, 2, 267, vehicle.mercedes-benz.coupe, 3, -62.866, -136.101, 0.129, -3.116, 0.000, 0.000, -0.000, 0.000, 21.300, 647.077, 0.000
0, 0, 1, 266, vehicle.mercedes-benz.coupe, 3, -36.473, -135.404, 0.129, -3.138, 0.000, 0.000, 0.000, 0.000, 21.400, 647.177, 0.000
0, 0, 2, 267, vehicle.mercedes-benz.coupe, 3, -62.866, -136.101, 0.129, -3.116, 0.000, 0.000, -0.000, 0.000, 21.400, 647.177, 0.000
0, 0, 1, 266, vehicle.mercedes-benz.coupe, 3, -36.473, -135.404, 0.129, -3.138, 0.000, 0.000, 0.000, 0.000, 21.500, 647.277, 0.000
0, 0, 2, 267, vehicle.mercedes-benz.coupe, 3, -62.866, -136.101, 0.129, -3.116, 0.000, 0.000, 0.000, 0.000, 21.500, 647.277, 0.000
0, 0, 1, 266, vehicle.mercedes-benz.coupe, 3, -36.473, -135.404, 0.129, -3.138, 0.000, 0.000, 0.000, 0.000, 21.600, 647.377, 0.000
0, 0, 2, 267, vehicle.mercedes-benz.coupe, 3, -62.866, -136.101, 0.129, -3.116, 0.000, 0.000, 0.000, 0.000, 21.600, 647.377, 0.000
0, 0, 1, 266, vehicle.mercedes-benz.coupe, 3, -36.473, -135.404, 0.129, -3.138, 0.000, 0.000, 0.000, 0.000, 21.700, 647.477, 0.000
0, 0, 2, 267, vehicle.mercedes-benz.coupe, 3, -62.866, -136.101, 0.129, -3.116, 0.000, 0.000, 0.000, 0.000, 21.700, 647.477, 0.000
0, 0, 1, 266, vehicle.mercedes-benz.coupe, 3, -36.473, -135.404, 0.129, -3.138, 0.000, 0.000, 0.000, 0.000, 21.800, 647.577, 0.000
0, 0, 2, 267, vehicle.mercedes-benz.coupe, 3, -62.866, -136.101, 0.129, -3.116, 0.000, 0.000, 0.000, 0.000, 21.800, 647.577, 0.000
0, 0, 1, 266, vehicle.mercedes-benz.coupe, 3, -36.473, -135.404, 0.129, -3.138, 0.000, 0.000, 0.000, 0.000, 21.900, 647.677, 0.000
0, 0, 2, 267, vehicle.mercedes-benz.coupe, 3, -62.866, -136.101, 0.129, -3.116, 0.000, 0.000, 0.000, 0.000, 21.900, 647.677, 0.000
0, 0, 1, 266, vehicle.mercedes-benz.coupe, 3, -36.473, -135.404, 0.129, -3.138, 0.000, 0.000, 0.000, 0.000, 22.000, 647.777, 0.000
0, 0, 2, 267, vehicle.mercedes-benz.coupe, 3, -62.866, -136.101, 0.129, -3.116, 0.000, 0.000, 0.000, 0.000, 22.000, 647.777, 0.000
0, 0, 1, 266, vehicle.mercedes-benz.coupe, 3, -36.473, -135.404, 0.129, -3.138, 0.000, 0.000, 0.000, 0.000, 22.100, 647.877, 0.000
0, 0, 2, 267, vehicle.mercedes-benz.coupe, 3, -62.866, -136.101, 0.129, -3.116, 0.000, 0.000, 0.000, 0.000, 22.100, 647.877, 0.000
0, 0, 1, 266, vehicle.mercedes-benz.coupe, 3, -36.473, -135.404, 0.129, -3.138, 0.000, 0.000, 0.000, 0.000, 22.200, 647.977, 0.000
0, 0, 2, 267, vehicle.mercedes-benz.coupe, 3, -62.866, -136.101, 0.129, -3.116, 0.000, 0.000, 0.000, 0.000, 22.200, 647.977, 0.000
0, 0, 1, 266, vehicle.mercedes-benz.coupe, 3, -36.473, -135.404, 0.129, -3.138, 0.000, 0.000, 0.000, 0.000, 22.300, 648.077, 0.000
0, 0, 2, 267, vehicle.mercedes-benz.coupe, 3, -62.866, -136.101, 0.129, -3.116, 0.000, 0.000, 0.000, 0.000, 22.300, 648.077, 0.000
0, 0, 1, 266, vehicle.mercedes-benz.coupe, 3, -36.473, -135.404, 0.129, -3.138, 0.000, 0.000, 0.000, 0.000, 22.400, 648.177, 0.000
0, 0, 2, 267, vehicle.mercedes-benz.coupe, 3, -62.866, -136.101, 0.129, -3.116, 0.000, 0.000, 0.000, 0.000, 22.400, 648.177, 0.000
0, 0, 1, 266, vehicle.mercedes-benz.coupe, 3, -36.473, -135.404, 0.129, -3.138, 0.000, 0.000, 0.000, 0.000, 22.500, 648.277, 0.000
0, 0, 2, 267, vehicle.mercedes-benz.coupe, 3, -62.866, -136.101, 0.129, -3.116, 0.000, 0.000, 0.000, 0.000, 22.500, 648.277, 0.000
0, 0, 1, 266, vehicle.mercedes-benz.coupe, 3, -36.473, -135.404, 0.129, -3.138, 0.000, 0.000, 0.000, 0.000, 22.600, 648.377, 0.000
0, 0, 2, 267, vehicle.mercedes-benz.coupe, 3, -62.866, -136.101, 0.129, -3.116, 0.000, 0.000, 0.000, 0.000, 22.600, 648.377, 0.000
0, 0, 1, 266, vehicle.mercedes-benz.coupe, 3, -36.473, -135.404, 0.129, -3.138, 0.000, 0.000, 0.000, 0.000, 22.700, 648.477, 0.000
0, 0, 2, 267, vehicle.mercedes-benz.coupe, 3, -62.866, -136.101, 0.129, -3.116, 0.000, 0.000, 0.000, 0.000, 22.700, 648.477, 0.000
0, 0, 1, 266, vehicle.mercedes-benz.coupe, 3, -36.473, -135.404, 0.129, -3.138, 0.000, 0.000, 0.000, 0.000, 22.800, 648.577, 0.000
0, 0, 2, 267, vehicle.mercedes-benz.coupe, 3, -62.866, -136.101, 0.129, -3.116, 0.000, 0.000, 0.000, 0.000, 22.800, 648.577, 0.000
0, 0, 1, 266, vehicle.mercedes-benz.coupe, 3, -36.473, -135.404, 0.129, -3.138, 0.000, 0.000, 0.000, 0.000, 22.900, 648.677, 0.000
0, 0, 2, 267, vehicle.mercedes-benz.coupe, 3, -62.866, -136.101, 0.129, -3.116, 0.000, 0.000, 0.000, 0.000, 22.900, 648.677, 0.000
0, 0, 1, 266, vehicle.mercedes-benz.coupe, 3, -36.473, -135.404, 0.129, -3.138, 0.000, 0.000, 0.000, 0.000, 23.000, 648.777, 0.000
0, 0, 2, 267, vehicle.mercedes-benz.coupe, 3, -62.866, -136.101, 0.129, -3.116, 0.000, 0.000, 0.000, 0.000, 23.000, 648.777, 0.000
0, 0, 1, 266, vehicle.mercedes-benz.coupe, 3, -36.473, -135.404, 0.129, -3.138, 0.000, 0.000, 0.000, 0.000, 23.100, 648.877, 0.000
0, 0, 2, 267, vehicle.mercedes-benz.coupe, 3, -62.866, -136.101, 0.129, -3.116, 0.000, 0.000, 0.000, 0.000, 23.100, 648.877, 0.000
0, 0, 1, 266, vehicle.mercedes-benz.coupe, 3, -36.473, -135.404, 0.129, -3.138, 0.000, 0.000, 0.000, 0.000, 23.200, 648.977, 0.000
0, 0, 2, 267, vehicle.mercedes-benz.coupe, 3, -62.866, -136.101, 0.129, -3.116, 0.000, 0.000, 0.000, 0.000, 23.200, 648.977, 0.000
0, 0, 1, 266, vehicle.mercedes-benz.coupe, 3, -36.473, -135.404, 0.129, -3.138, 0.000, 0.000, 0.000, 0.000, 23.300, 649.077, 0.000
0, 0, 2, 267, vehicle.mercedes-benz.coupe, 3, -62.866, -136.101, 0.129, -3.116, 0.000, 0.000, 0.000, 0.000, 23.300, 649.077, 0.000
0, 0, 1, 266, vehicle.mercedes-benz.coupe, 3, -36.473, -135.404, 0.129, -3.138, 0.000, 0.000, 0.000, 0.000, 23.400, 649.177, 0.000
0, 0, 2, 267, vehicle.mercedes-benz.coupe, 3, -62.866, -136.101, 0.129, -3.116, 0.000, 0.000, 0.000, 0.000, 23.400, 649.177, 0.000
0, 0, 1, 266, vehicle.mercedes-benz.coupe, 3, -36.473, -135.404, 0.129, -3.138, 0.000, 0.000, 0.000, 0.000, 23.500, 649.277, 0.000
0, 0, 2, 267, vehicle.mercedes-benz.coupe, 3, -62.866, -136.101, 0.129, -3.116, 0.000, 0.000, 0.000, 0.000, 23.500, 649.277, 0.000
0, 0, 1, 266, vehicle.mercedes-benz.coupe, 3, -36.473, -135.404, 0.129, -3.138, 0.000, 0.000, 0.000, 0.000, 23.600, 649.377, 0.000
0, 0, 2, 267, vehicle.mercedes-benz.coupe, 3, -62.866, -136.101, 0.129, -3.116, 0.000, 0.000, 0.000, 0.000, 23.600, 649.377, 0.000
0, 0, 1, 266, vehicle.mercedes-benz.coupe, 3, -36.473, -135.404, 0.129, -3.138, 0.000, 0.000, 0.000, 0.000, 23.700, 649.477, 0.000
0, 0, 2, 267, vehicle.mercedes-benz.coupe, 3, -62.866, -136.101, 0.129, -3.116, 0.000, 0.000, 0.000, 0.000, 23.700, 649.477, 0.000
0, 0, 1, 266, vehicle.mercedes-benz.coupe, 3, -36.473, -135.404, 0.129, -3.138, 0.000, 0.000, 0.000, 0.000, 23.800, 649.577, 0.000
0, 0, 2, 267, vehicle.mercedes-benz.coupe, 3, -62.866, -136.101, 0.129, -3.116, 0.000, 0.000, 0.000, 0.000, 23.800, 649.577, 0.000
0, 0, 1, 266, vehicle.mercedes-benz.coupe, 3, -36.473, -135.404, 0.129, -3.138, 0.000, 0.000, 0.000, 0.000, 23.900, 649.677, 0.000
0, 0, 2, 267, vehicle.mercedes-benz.coupe, 3, -62.866, -136.101, 0.129, -3.116, 0.000, 0.000, 0.000, 0.000, 23.900, 649.677, 0.000
0, 0, 1, 266, vehicle.mercedes-benz.coupe, 3, -36.473, -135.404, 0.129, -3.138, 0.000, 0.000, 0.000, 0.000, 24.000, 649.777, 0.000
0, 0, 2, 267, vehicle.mercedes-benz.coupe, 3, -62.866, -136.101, 0.129, -3.116, 0.000, 0.000, 0.000, 0.000, 24.000, 649.777, 0.000
0, 0, 1, 266, vehicle.mercedes-benz.coupe, 3, -36.473, -135.404, 0.129, -3.138, 0.000, 0.000, 0.000, 0.000, 24.100, 649.877, 0.000
0, 0, 2, 267, vehicle.mercedes-benz.coupe, 3, -62.866, -136.101, 0.129, -3.116, 0.000, 0.000, 0.000, 0.000, 24.100, 649.877, 0.000
0, 0, 1, 266, vehicle.mercedes-benz.coupe, 3, -36.473, -135.404, 0.129, -3.138, 0.000, 0.000, 0.000, 0.000, 24.200, 649.977, 0.000
0, 0, 2, 267, vehicle.mercedes-benz.coupe, 3, -62.866, -136.101, 0.129, -3.116, 0.000, 0.000, 0.000, 0.000, 24.200, 649.977, 0.000
0, 0, 1, 266, vehicle.mercedes-benz.coupe, 3, -36.473, -135.404, 0.129, -3.138, 0.000, 0.000, 0.000, 0.000, 24.300, 650.077, 0.000
0, 0, 2, 267, vehicle.mercedes-benz.coupe, 3, -62.866, -136.101, 0.129, -3.116, 0.000, 0.000, 0.000, 0.000, 24.300, 650.077, 0.000
0, 0, 1, 266, vehicle.mercedes-benz.coupe, 3, -36.473, -135.404, 0.129, -3.138, 0.000, 0.000, 0.000, 0.000, 24.400, 650.177, 0.000
0, 0, 2, 267, vehicle.mercedes-benz.coupe, 3, -62.866, -136.101, 0.129, -3.116, 0.000, 0.000, 0.000, 0.000, 24.400, 650.177, 0.000
0, 0, 1, 266, vehicle.mercedes-benz.coupe, 3, -36.473, -135.404, 0.129, -3.138, 0.000, 0.000, 0.000, 0.000, 24.500, 650.277, 0.000
0, 0, 2, 267, vehicle.mercedes-benz.coupe, 3, -62.866, -136.101, 0.129, -3.116, 0.000, 0.000, 0.000, 0.000, 24.500, 650.277, 0.000
0, 0, 1, 266, vehicle.mercedes-benz.coupe, 3, -36.473, -135.404, 0.129, -3.138, 0.000, 0.000, 0.000, 0.000, 24.600, 650.377, 0.000
0, 0, 2, 267, vehicle.mercedes-benz.coupe, 3, -62.866, -136.101, 0.129, -3.116, 0.000, 0.000, 0.000, 0.000, 24.600, 650.377, 0.000
0, 0, 1, 266, vehicle.mercedes-benz.coupe, 3, -36.473, -135.404, 0.129, -3.138, 0.000, 0.000, 0.000, 0.000, 24.700, 650.477, 0.000
0, 0, 2, 267, vehicle.mercedes-benz.coupe, 3, -62.866, -136.101, 0.129, -3.116, 0.000, 0.000, 0.000, 0.000, 24.700, 650.477, 0.000
0, 0, 1, 266, vehicle.mercedes-benz.coupe, 3, -36.473, -135.404, 0.129, -3.138, 0.000, 0.000, 0.000, 0.000, 24.800, 650.577, 0.000
0, 0, 2, 267, vehicle.mercedes-benz.coupe, 3, -62.866, -136.101, 0.129, -3.116, 0.000, 0.000, 0.000, 0.000, 24.800, 650.577, 0.000
0, 0, 1, 266, vehicle.mercedes-benz.coupe, 3, -36.473, -135.404, 0.129, -3.138, 0.000, 0.000, 0.000, 0.000, 24.900, 650.677, 0.000
0, 0, 2, 267, vehicle.mercedes-benz.coupe, 3, -62.866, -136.101, 0.129, -3.116, 0.000, 0.000, 0.000, 0.000, 24.900, 650.677, 0.000
0, 0, 1, 266, vehicle.mercedes-benz.coupe, 3, -36.473, -135.404, 0.129, -3.138, 0.000, 0.000, 0.000, 0.000, 25.000, 650.777, 0.000
0, 0, 2, 267, vehicle.mercedes-benz.coupe, 3, -62.866, -136.101, 0.129, -3.116, 0.000, 0.000, 0.000, 0.000, 25.000, 650.777, 0.000
0, 0, 1, 266, vehicle.mercedes-benz.coupe, 3, -36.473, -135.404, 0.129, -3.138, 0.000, 0.000, 0.000, 0.000, 25.100, 650.877, 0.000
0, 0, 2, 267, vehicle.mercedes-benz.coupe, 3, -62.866, -136.101, 0.129, -3.116, 0.000, 0.000, 0.000, 0.000, 25.100, 650.877, 0.000
0, 0, 1, 266, vehicle.mercedes-benz.coupe, 3, -36.473, -135.404, 0.129, -3.138, 0.000, 0.000, 0.000, 0.000, 25.200, 650.977, 0.000
0, 0, 2, 267, vehicle.mercedes-benz.coupe, 3, -62.866, -136.101, 0.129, -3.116, 0.000, 0.000, 0.000, 0.000, 25.200, 650.977, 0.000
0, 0, 1, 266, vehicle.mercedes-benz.coupe, 3, -36.473, -135.404, 0.129, -3.138, 0.000, 0.000, 0.000, 0.000, 25.300, 651.077, 0.000
0, 0, 2, 267, vehicle.mercedes-benz.coupe, 3, -62.866, -136.101, 0.129, -3.116, 0.000, 0.000, 0.000, 0.000, 25.300, 651.077, 0.000
0, 0, 1, 266, vehicle.mercedes-benz.coupe, 3, -36.473, -135.404, 0.129, -3.138, 0.000, 0.000, 0.000, 0.000, 25.400, 651.177, 0.000
0, 0, 2, 267, vehicle.mercedes-benz.coupe, 3, -62.866, -136.101, 0.129, -3.116, 0.000, 0.000, 0.000, 0.000, 25.400, 651.177, 0.000
0, 0, 1, 266, vehicle.mercedes-benz.coupe, 3, -36.473, -135.404, 0.129, -3.138, 0.000, 0.000, 0.000, 0.000, 25.500, 651.277, 0.000
0, 0, 2, 267, vehicle.mercedes-benz.coupe, 3, -62.866, -136.101, 0.129, -3.116, 0.000, 0.000, 0.000, 0.000, 25.500, 651.277, 0.000
0, 0, 1, 266, vehicle.mercedes-benz.coupe, 3, -36.473, -135.404, 0.129, -3.138, 0.000, 0.000, 0.000, 0.000, 25.600, 651.377, 0.000
0, 0, 2, 267, vehicle.mercedes-benz.coupe, 3, -62.866, -136.101, 0.129, -3.116, 0.000, 0.000, 0.000, 0.000, 25.600, 651.377, 0.000
0, 0, 1, 266, vehicle.mercedes-benz.coupe, 3, -36.473, -135.404, 0.129, -3.138, 0.000, 0.000, 0.000, 0.000, 25.700, 651.477, 0.000
0, 0, 2, 267, vehicle.mercedes-benz.coupe, 3, -62.866, -136.101, 0.129, -3.116, 0.000, 0.000, 0.000, 0.000, 25.700, 651.477, 0.000
0, 0, 1, 266, vehicle.mercedes-benz.coupe, 3, -36.473, -135.404, 0.129, -3.138, 0.000, 0.000, 0.000, 0.000, 25.800, 651.577, 0.000
0, 0, 2, 267, vehicle.mercedes-benz.coupe, 3, -62.866, -136.101, 0.129, -3.116, 0.000, 0.000, 0.000, 0.000, 25.800, 651.577, 0.000
0, 0, 1, 266, vehicle.mercedes-benz.coupe, 3, -36.473, -135.404, 0.129, -3.138, 0.000, 0.000, 0.000, 0.000, 25.900, 651.677, 0.000
0, 0, 2, 267, vehicle.mercedes-benz.coupe, 3, -62.866, -136.101, 0.129, -3.116, 0.000, 0.000, 0.000, 0.000, 25.900, 651.677, 0.000
0, 0, 1, 266, vehicle.mercedes-benz.coupe, 3, -36.473, -135.404, 0.129, -3.138, 0.000, 0.000, 0.000, 0.000, 26.000, 651.777, 0.000
0, 0, 2, 267, vehicle.mercedes-benz.coupe, 3, -62.866, -136.101, 0.129, -3.116, 0.000, 0.000, 0.000, 0.000, 26.000, 651.777, 0.000
0, 0, 1, 266, vehicle.mercedes-benz.coupe, 3, -36.473, -135.404, 0.129, -3.138, 0.000, 0.000, 0.000, 0.000, 26.100, 651.877, 0.000
0, 0, 2, 267, vehicle.mercedes-benz.coupe, 3, -62.866, -136.101, 0.129, -3.116, 0.000, 0.000, 0.000, 0.000, 26.100, 651.877, 0.000
0, 0, 1, 266, vehicle.mercedes-benz.coupe, 3, -36.473, -135.404, 0.129, -3.138, 0.000, 0.000, 0.000, 0.000, 26.200, 651.977, 0.000
0, 0, 2, 267, vehicle.mercedes-benz.coupe, 3, -62.866, -136.101, 0.129, -3.116, 0.000, 0.000, 0.000, 0.000, 26.200, 651.977, 0.000
0, 0, 1, 266, vehicle.mercedes-benz.coupe, 3, -36.473, -135.404, 0.129, -3.138, 0.000, 0.000, 0.000, 0.000, 26.300, 652.077, 0.000
0, 0, 2, 267, vehicle.mercedes-benz.coupe, 3, -62.866, -136.101, 0.129, -3.116, 0.000, 0.000, 0.000, 0.000, 26.300, 652.077, 0.000
0, 0, 1, 266, vehicle.mercedes-benz.coupe, 3, -36.473, -135.404, 0.129, -3.138, 0.000, 0.000, 0.000, 0.000, 26.400, 652.177, 0.000
0, 0, 2, 267, vehicle.mercedes-benz.coupe, 3, -62.866, -136.101, 0.129, -3.116, 0.000, 0.000, 0.000, 0.000, 26.400, 652.177, 0.000
0, 0, 1, 266, vehicle.mercedes-benz.coupe, 3, -36.473, -135.404, 0.129, -3.138, 0.000, 0.000, 0.000, 0.000, 26.500, 652.277, 0.000
0, 0, 2, 267, vehicle.mercedes-benz.coupe, 3, -62.866, -136.101, 0.129, -3.116, 0.000, 0.000, 0.000, 0.000, 26.500, 652.277, 0.000
0, 0, 1, 266, vehicle.mercedes-benz.coupe, 3, -36.473, -135.404, 0.129, -3.138, 0.000, 0.000, 0.000, 0.000, 26.600, 652.377, 0.000
0, 0, 2, 267, vehicle.mercedes-benz.coupe, 3, -62.866, -136.101, 0.129, -3.116, 0.000, 0.000, 0.000, 0.000, 26.600, 652.377, 0.000
0, 0, 1, 266, vehicle.mercedes-benz.coupe, 3, -36.473, -135.404, 0.129, -3.138, 0.000, 0.000, 0.000, 0.000, 26.700, 652.477, 0.000
0, 0, 2, 267, vehicle.mercedes-benz.coupe, 3, -62.866, -136.101, 0.129, -3.116, 0.000, 0.000, 0.000, 0.000, 26.700, 652.477, 0.000
0, 0, 1, 266, vehicle.mercedes-benz.coupe, 3, -36.473, -135.404, 0.129, -3.138, 0.000, 0.000, 0.000, 0.000, 26.800, 652.577, 0.000
0, 0, 2, 267, vehicle.mercedes-benz.coupe, 3, -62.866, -136.101, 0.129, -3.116, 0.000, 0.000, 0.000, 0.000, 26.800, 652.577, 0.000
0, 0, 1, 266, vehicle.mercedes-benz.coupe, 3, -36.473, -135.404, 0.129, -3.138, 0.000, 0.000, 0.000, 0.000, 26.900, 652.677, 0.000
0, 0, 2, 267, vehicle.mercedes-benz.coupe, 3, -62.866, -136.101, 0.129, -3.116, 0.000, 0.000, 0.000, 0.000, 26.900, 652.677, 0.000
0, 0, 1, 266, vehicle.mercedes-benz.coupe, 3, -36.473, -135.404, 0.129, -3.138, 0.000, 0.000, 0.000, 0.000, 27.000, 652.777, 0.000
0, 0, 2, 267, vehicle.mercedes-benz.coupe, 3, -62.866, -136.101, 0.129, -3.116, 0.000, 0.000, 0.000, 0.000, 27.000, 652.777, 0.000
0, 0, 1, 266, vehicle.mercedes-benz.coupe, 3, -36.473, -135.404, 0.129, -3.138, 0.000, 0.000, 0.000, 0.000, 27.100, 652.877, 0.000
0, 0, 2, 267, vehicle.mercedes-benz.coupe, 3, -62.866, -136.101, 0.129, -3.116, 0.000, 0.000, 0.000, 0.000, 27.100, 652.877, 0.000
0, 0, 1, 266, vehicle.mercedes-benz.coupe, 3, -36.473, -135.404, 0.129, -3.138, 0.000, 0.000, 0.000, 0.000, 27.200, 652.977, 0.000
0, 0, 2, 267, vehicle.mercedes-benz.coupe, 3, -62.866, -136.101, 0.129, -3.116, 0.000, 0.000, 0.000, 0.000, 27.200, 652.977, 0.000
0, 0, 1, 266, vehicle.mercedes-benz.coupe, 3, -36.473, -135.404, 0.129, -3.138, 0.000, 0.000, 0.000, 0.000, 27.300, 653.077, 0.000
0, 0, 2, 267, vehicle.mercedes-benz.coupe, 3, -62.866, -136.101, 0.129, -3.116, 0.000, 0.000, 0.000, 0.000, 27.300, 653.077, 0.000
0, 0, 1, 266, vehicle.mercedes-benz.coupe, 3, -36.473, -135.404, 0.129, -3.138, 0.000, 0.000, 0.000, 0.000, 27.400, 653.177, 0.000
0, 0, 2, 267, vehicle.mercedes-benz.coupe, 3, -62.866, -136.101, 0.129, -3.116, 0.000, 0.000, 0.000, 0.000, 27.400, 653.177, 0.000
0, 0, 1, 266, vehicle.mercedes-benz.coupe, 3, -36.473, -135.404, 0.129, -3.138, 0.000, 0.000, 0.000, 0.000, 27.500, 653.277, 0.000
0, 0, 2, 267, vehicle.mercedes-benz.coupe, 3, -62.866, -136.101, 0.129, -3.116, 0.000, 0.000, 0.000, 0.000, 27.500, 653.277, 0.000
0, 0, 1, 266, vehicle.mercedes-benz.coupe, 3, -36.473, -135.404, 0.129, -3.138, 0.000, 0.000, 0.000, 0.000, 27.600, 653.377, 0.000
0, 0, 2, 267, vehicle.mercedes-benz.coupe, 3, -62.866, -136.101, 0.129, -3.116, 0.000, 0.000, 0.000, 0.000, 27.600, 653.377, 0.000
0, 0, 1, 266, vehicle.mercedes-benz.coupe, 3, -36.473, -135.404, 0.129, -3.138, 0.000, 0.000, 0.000, 0.000, 27.700, 653.477, 0.000
0, 0, 2, 267, vehicle.mercedes-benz.coupe, 3, -62.866, -136.101, 0.129, -3.116, 0.000, 0.000, 0.000, 0.000, 27.700, 653.477, 0.000
0, 0, 1, 266, vehicle.mercedes-benz.coupe, 3, -36.473, -135.404, 0.129, -3.138, 0.000, 0.000, 0.000, 0.000, 27.800, 653.577, 0.000
0, 0, 2, 267, vehicle.mercedes-benz.coupe, 3, -62.866, -136.101, 0.129, -3.116, 0.000, 0.000, 0.000, 0.000, 27.800, 653.577, 0.000
0, 0, 1, 266, vehicle.mercedes-benz.coupe, 3, -36.473, -135.404, 0.129, -3.138, 0.000, 0.000, 0.000, 0.000, 27.900, 653.677, 0.000
0, 0, 2, 267, vehicle.mercedes-benz.coupe, 3, -62.866, -136.101, 0.129, -3.116, 0.000, 0.000, 0.000, 0.000, 27.900, 653.677, 0.000
0, 0, 1, 266, vehicle.mercedes-benz.coupe, 3, -36.473, -135.404, 0.129, -3.138, 0.000, 0.000, 0.000, 0.000, 28.000, 653.777, 0.000
0, 0, 2, 267, vehicle.mercedes-benz.coupe, 3, -62.866, -136.101, 0.129, -3.116, 0.000, 0.000, 0.000, 0.000, 28.000, 653.777, 0.000
0, 0, 1, 266, vehicle.mercedes-benz.coupe, 3, -36.473, -135.404, 0.129, -3.138, 0.000, 0.000, 0.000, 0.000, 28.100, 653.877, 0.000
0, 0, 2, 267, vehicle.mercedes-benz.coupe, 3, -62.866, -136.101, 0.129, -3.116, 0.000, 0.000, 0.000, 0.000, 28.100, 653.877, 0.000
0, 0, 1, 266, vehicle.mercedes-benz.coupe, 3, -36.473, -135.404, 0.129, -3.138, 0.000, 0.000, 0.000, 0.000, 28.200, 653.977, 0.000
0, 0, 2, 267, vehicle.mercedes-benz.coupe, 3, -62.866, -136.101, 0.129, -3.116, 0.000, 0.000, 0.000, 0.000, 28.200, 653.977, 0.000
0, 0, 1, 266, vehicle.mercedes-benz.coupe, 3, -36.473, -135.404, 0.129, -3.138, 0.000, 0.000, 0.000, 0.000, 28.300, 654.077, 0.000
0, 0, 2, 267, vehicle.mercedes-benz.coupe, 3, -62.866, -136.101, 0.129, -3.116, 0.000, 0.000, 0.000, 0.000, 28.300, 654.077, 0.000
0, 0, 1, 266, vehicle.mercedes-benz.coupe, 3, -36.473, -135.404, 0.129, -3.138, 0.000, 0.000, 0.000, 0.000, 28.400, 654.177, 0.000
0, 0, 2, 267, vehicle.mercedes-benz.coupe, 3, -62.866, -136.101, 0.129, -3.116, 0.000, 0.000, 0.000, 0.000, 28.400, 654.177, 0.000
0, 0, 1, 266, vehicle.mercedes-benz.coupe, 3, -36.473, -135.404, 0.129, -3.138, 0.000, 0.000, 0.000, 0.000, 28.500, 654.277, 0.000
0, 0, 2, 267, vehicle.mercedes-benz.coupe, 3, -62.866, -136.101, 0.129, -3.116, 0.000, 0.000, 0.000, 0.000, 28.500, 654.277, 0.000
0, 0, 1, 266, vehicle.mercedes-benz.coupe, 3, -36.473, -135.404, 0.129, -3.138, 0.000, 0.000, 0.000, 0.000, 28.600, 654.377, 0.000
0, 0, 2, 267, vehicle.mercedes-benz.coupe, 3, -62.866, -136.101, 0.129, -3.116, 0.000, 0.000, 0.000, 0.000, 28.600, 654.377, 0.000
0, 0, 1, 266, vehicle.mercedes-benz.coupe, 3, -36.473, -135.404, 0.129, -3.138, 0.000, 0.000, 0.000, 0.000, 28.700, 654.477, 0.000
0, 0, 2, 267, vehicle.mercedes-benz.coupe, 3, -62.866, -136.101, 0.129, -3.116, 0.000, 0.000, 0.000, 0.000, 28.700, 654.477, 0.000
0, 0, 1, 266, vehicle.mercedes-benz.coupe, 3, -36.473, -135.404, 0.129, -3.138, 0.000, 0.000, 0.000, 0.000, 28.800, 654.577, 0.000
0, 0, 2, 267, vehicle.mercedes-benz.coupe, 3, -62.866, -136.101, 0.129, -3.116, 0.000, 0.000, 0.000, 0.000, 28.800, 654.577, 0.000
0, 0, 1, 266, vehicle.mercedes-benz.coupe, 3, -36.473, -135.404, 0.129, -3.138, 0.000, 0.000, 0.000, 0.000, 28.900, 654.677, 0.000
0, 0, 2, 267, vehicle.mercedes-benz.coupe, 3, -62.866, -136.101, 0.129, -3.116, 0.000, 0.000, 0.000, 0.000, 28.900, 654.677, 0.000
0, 0, 1, 266, vehicle.mercedes-benz.coupe, 3, -36.473, -135.404, 0.129, -3.138, 0.000, 0.000, 0.000, 0.000, 29.000, 654.777, 0.000
0, 0, 2, 267, vehicle.mercedes-benz.coupe, 3, -62.866, -136.101, 0.129, -3.116, 0.000, 0.000, 0.000, 0.000, 29.000, 654.777, 0.000
0, 0, 1, 266, vehicle.mercedes-benz.coupe, 3, -36.473, -135.404, 0.129, -3.138, 0.000, 0.000, 0.000, 0.000, 29.100, 654.877, 0.000
0, 0, 2, 267, vehicle.mercedes-benz.coupe, 3, -62.866, -136.101, 0.129, -3.116, 0.000, 0.000, 0.000, 0.000, 29.100, 654.877, 0.000
0, 0, 1, 266, vehicle.mercedes-benz.coupe, 3, -36.473, -135.404, 0.129, -3.138, 0.000, 0.000, 0.000, 0.000, 29.200, 654.977, 0.000
0, 0, 2, 267, vehicle.mercedes-benz.coupe, 3, -62.866, -136.101, 0.129, -3.116, 0.000, 0.000, 0.000, 0.000, 29.200, 654.977, 0.000
0, 0, 1, 266, vehicle.mercedes-benz.coupe, 3, -36.473, -135.404, 0.129, -3.138, 0.000, 0.000, 0.000, 0.000, 29.300, 655.077, 0.000
0, 0, 2, 267, vehicle.mercedes-benz.coupe, 3, -62.866, -136.101, 0.129, -3.116, 0.000, 0.000, 0.000, 0.000, 29.300, 655.077, 0.000
0, 0, 1, 266, vehicle.mercedes-benz.coupe, 3, -36.473, -135.404, 0.129, -3.138, 0.000, 0.000, 0.000, 0.000, 29.400, 655.177, 0.000
0, 0, 2, 267, vehicle.mercedes-benz.coupe, 3, -62.866, -136.101, 0.129, -3.116, 0.000, 0.000, 0.000, 0.000, 29.400, 655.177, 0.000
0, 0, 1, 266, vehicle.mercedes-benz.coupe, 3, -36.473, -135.404, 0.129, -3.138, 0.000, 0.000, 0.000, 0.000, 29.500, 655.277, 0.000
0, 0, 2, 267, vehicle.mercedes-benz.coupe, 3, -62.866, -136.101, 0.129, -3.116, 0.000, 0.000, 0.000, 0.000, 29.500, 655.277, 0.000
0, 0, 1, 266, vehicle.mercedes-benz.coupe, 3, -36.473, -135.404, 0.129, -3.138, 0.000, 0.000, 0.000, 0.000, 29.600, 655.377, 0.000
0, 0, 2, 267, vehicle.mercedes-benz.coupe, 3, -62.866, -136.101, 0.129, -3.116, 0.000, 0.000, 0.000, 0.000, 29.600, 655.377, 0.000
0, 0, 1, 266, vehicle.mercedes-benz.coupe, 3, -36.473, -135.404, 0.129, -3.138, 0.000, 0.000, 0.000, 0.000, 29.700, 655.477, 0.000
0, 0, 2, 267, vehicle.mercedes-benz.coupe, 3, -62.866, -136.101, 0.129, -3.116, 0.000, 0.000, 0.000, 0.000, 29.700, 655.477, 0.000
0, 0, 1, 266, vehicle.mercedes-benz.coupe, 3, -36.473, -135.404, 0.129, -3.138, 0.000, 0.000, 0.000, 0.000, 29.800, 655.577, 0.000
0, 0, 2, 267, vehicle.mercedes-benz.coupe, 3, -62.866, -136.101, 0.129, -3.116, 0.000, 0.000, 0.000, 0.000, 29.800, 655.577, 0.000
0, 0, 1, 266, vehicle.mercedes-benz.coupe, 3, -36.473, -135.404, 0.129, -3.138, 0.000, 0.000, 0.000, 0.000, 29.900, 655.677, 0.000
0, 0, 2, 267, vehicle.mercedes-benz.coupe, 3, -62.866, -136.101, 0.129, -3.116, 0.000, 0.000, 0.000, 0.000, 29.900, 655.677, 0.000
0, 0, 1, 266, vehicle.mercedes-benz.coupe, 3, -36.473, -135.404, 0.129, -3.138, 0.000, 0.000, 0.000, 0.000, 30.000, 655.777, 0.000
0, 0, 2, 267, vehicle.mercedes-benz.coupe, 3, -62.866, -136.101, 0.129, -3.116, 0.000, 0.000, 0.000, 0.000, 30.000, 655.777, 0.000
