testNo ,repeatNo, agentNo, agentID, agentType, agentTypeNo, x, y, z, yaw, vel_x, vel_y, vel_z, speed, time, sim_time, fps
0, 0, 1, 264, vehicle.mercedes-benz.coupe, 3, -5.260, -98.130, 1.882, -2.094, 0.000, 0.000, -1.469, 1.469, 0.000, 288.827, 0.000
0, 0, 2, 265, vehicle.mercedes-benz.coupe, 3, 16.630, -134.530, 1.946, -2.094, 0.000, 0.000, -0.979, 0.979, 0.000, 288.827, 0.000
0, 0, 1, 264, vehicle.mercedes-benz.coupe, 3, -5.260, -98.130, 1.682, -2.094, 0.000, 0.000, -2.447, 2.447, 0.100, 288.927, 0.000
0, 0, 2, 265, vehicle.mercedes-benz.coupe, 3, 16.630, -134.530, 1.794, -2.094, 0.000, 0.000, -1.958, 1.958, 0.100, 288.927, 0.000
0, 0, 1, 264, vehicle.mercedes-benz.coupe, 3, -5.260, -98.130, 1.383, -2.094, 0.000, 0.000, -3.424, 3.424, 0.200, 289.027, 0.000
0, 0, 2, 265, vehicle.mercedes-benz.coupe, 3, 16.630, -134.530, 1.545, -2.094, 0.000, 0.000, -2.935, 2.935, 0.200, 289.027, 0.000
0, 0, 1, 264, vehicle.mercedes-benz.coupe, 3, -5.260, -98.130, 0.987, -2.094, 0.000, 0.000, -4.400, 4.400, 0.300, 289.127, 0.000
0, 0, 2, 265, vehicle.mercedes-benz.coupe, 3, 16.630, -134.530, 1.198, -2.094, 0.000, 0.000, -3.912, 3.912, 0.300, 289.127, 0.000
0, 0, 1, 264, vehicle.mercedes-benz.coupe, 3, -5.260, -98.130, 0.494, -2.094, 0.000, 0.000, -5.375, 5.375, 0.400, 289.227, 0.000
0, 0, 2, 265, vehicle.mercedes-benz.coupe, 3, 16.630, -134.530, 0.753, -2.094, 0.000, 0.000, -4.888, 4.888, 0.400, 289.227, 0.000
0, 0, 1, 264, vehicle.mercedes-benz.coupe, 3, -5.261, -98.132, 0.054, -2.094, 0.001, 0.006, 0.027, 0.028, 0.500, 289.327, 0.000
0, 0, 2, 265, vehicle.mercedes-benz.coupe, 3, 16.631, -134.530, 0.212, -2.095, 0.016, -0.012, -5.738, 5.738, 0.500, 289.327, 0.000
0, 0, 1, 264, vehicle.mercedes-benz.coupe, 3, -5.261, -98.132, 0.074, -2.094, 0.000, -0.000, 0.256, 0.256, 0.600, 289.427, 0.000
0, 0, 2, 265, vehicle.mercedes-benz.coupe, 3, 16.624, -134.530, 0.105, -2.096, -0.119, -0.064, 0.332, 0.358, 0.600, 289.427, 0.000
0, 0, 1, 264, vehicle.mercedes-benz.coupe, 3, -5.261, -98.132, 0.097, -2.094, 0.001, -0.001, 0.199, 0.199, 0.700, 289.527, 0.000
0, 0, 2, 265, vehicle.mercedes-benz.coupe, 3, 16.611, -134.534, 0.130, -2.101, -0.153, -0.023, 0.181, 0.238, 0.700, 289.527, 0.000
0, 0, 1, 264, vehicle.mercedes-benz.coupe, 3, -5.261, -98.132, 0.113, -2.094, 0.000, -0.001, 0.117, 0.117, 0.800, 289.627, 0.000
0, 0, 2, 265, vehicle.mercedes-benz.coupe, 3, 16.599, -134.539, 0.142, -2.106, -0.159, -0.031, 0.091, 0.186, 0.800, 289.627, 0.000
0, 0, 1, 264, vehicle.mercedes-benz.coupe, 3, -5.261, -98.132, 0.121, -2.094, 0.000, -0.000, 0.061, 0.061, 0.900, 289.727, 0.000
0, 0, 2, 265, vehicle.mercedes-benz.coupe, 3, 16.585, -134.544, 0.148, -2.112, -0.168, -0.041, 0.042, 0.178, 0.900, 289.727, 0.000
0, 0, 1, 264, vehicle.mercedes-benz.coupe, 3, -5.261, -98.132, 0.125, -2.094, 0.000, -0.000, 0.030, 0.030, 1.000, 289.827, 0.000
0, 0, 2, 265, vehicle.mercedes-benz.coupe, 3, 16.569, -134.550, 0.151, -2.118, -0.179, -0.048, 0.017, 0.186, 1.000, 289.827, 0.000
0, 0, 1, 264, vehicle.mercedes-benz.coupe, 3, -5.261, -98.132, 0.127, -2.094, 0.000, -0.000, 0.014, 0.014, 1.100, 289.927, 0.000
0, 0, 2, 265, vehicle.mercedes-benz.coupe, 3, 16.553, -134.556, 0.152, -2.125, -0.191, -0.053, 0.006, 0.198, 1.100, 289.927, 0.000
0, 0, 1, 264, vehicle.mercedes-benz.coupe, 3, -5.261, -98.132, 0.128, -2.094, 0.000, -0.000, 0.006, 0.006, 1.200, 290.027, 0.000
0, 0, 2, 265, vehicle.mercedes-benz.coupe, 3, 16.535, -134.563, 0.152, -2.132, -0.202, -0.056, 0.001, 0.210, 1.200, 290.027, 0.000
0, 0, 1, 264, vehicle.mercedes-benz.coupe, 3, -5.261, -98.132, 0.129, -2.094, 0.000, -0.000, 0.003, 0.003, 1.300, 290.127, 0.000
0, 0, 2, 265, vehicle.mercedes-benz.coupe, 3, 16.516, -134.570, 0.152, -2.140, -0.213, -0.058, -0.002, 0.221, 1.300, 290.127, 0.000
0, 0, 1, 264, vehicle.mercedes-benz.coupe, 3, -5.261, -98.132, 0.129, -2.094, 0.000, -0.000, 0.001, 0.001, 1.400, 290.227, 0.000
0, 0, 2, 265, vehicle.mercedes-benz.coupe, 3, 16.496, -134.577, 0.152, -2.148, -0.225, -0.060, -0.003, 0.233, 1.400, 290.227, 0.000
0, 0, 1, 264, vehicle.mercedes-benz.coupe, 3, -5.261, -98.132, 0.129, -2.094, 0.000, -0.000, 0.001, 0.001, 1.500, 290.327, 0.000
0, 0, 2, 265, vehicle.mercedes-benz.coupe, 3, 16.475, -134.585, 0.151, -2.157, -0.239, -0.062, -0.005, 0.247, 1.500, 290.327, 0.000
0, 0, 1, 264, vehicle.mercedes-benz.coupe, 3, -5.261, -98.132, 0.129, -2.094, 0.000, -0.000, 0.000, 0.000, 1.600, 290.427, 0.000
0, 0, 2, 265, vehicle.mercedes-benz.coupe, 3, 16.456, -134.589, 0.151, -2.167, -0.167, 0.023, -0.002, 0.168, 1.600, 290.427, 0.000
0, 0, 1, 264, vehicle.mercedes-benz.coupe, 3, -5.261, -98.132, 0.129, -2.094, 0.000, -0.000, 0.000, 0.000, 1.700, 290.527, 0.000
0, 0, 2, 265, vehicle.mercedes-benz.coupe, 3, 16.449, -134.589, 0.151, -2.170, -0.010, -0.001, 0.001, 0.010, 1.700, 290.527, 0.000
0, 0, 1, 264, vehicle.mercedes-benz.coupe, 3, -5.261, -98.132, 0.129, -2.094, 0.000, -0.000, 0.000, 0.000, 1.800, 290.627, 0.000
0, 0, 2, 265, vehicle.mercedes-benz.coupe, 3, 16.449, -134.589, 0.151, -2.170, -0.002, -0.000, -0.001, 0.002, 1.800, 290.627, 0.000
0, 0, 1, 264, vehicle.mercedes-benz.coupe, 3, -5.261, -98.132, 0.129, -2.094, 0.000, -0.000, 0.000, 0.000, 1.900, 290.727, 0.000
0, 0, 2, 265, vehicle.mercedes-benz.coupe, 3, 16.448, -134.589, 0.151, -2.171, -0.002, -0.000, -0.001, 0.002, 1.900, 290.727, 0.000
0, 0, 1, 264, vehicle.mercedes-benz.coupe, 3, -5.261, -98.132, 0.129, -2.094, 0.000, -0.000, 0.000, 0.000, 2.000, 290.827, 0.000
0, 0, 2, 265, vehicle.mercedes-benz.coupe, 3, 16.448, -134.589, 0.151, -2.171, -0.002, -0.000, -0.000, 0.002, 2.000, 290.827, 0.000
0, 0, 1, 264, vehicle.mercedes-benz.coupe, 3, -5.261, -98.132, 0.129, -2.094, 0.000, -0.000, 0.000, 0.000, 2.100, 290.927, 0.000
0, 0, 2, 265, vehicle.mercedes-benz.coupe, 3, 16.448, -134.589, 0.151, -2.171, -0.002, -0.000, -0.000, 0.002, 2.100, 290.927, 0.000
0, 0, 1, 264, vehicle.mercedes-benz.coupe, 3, -5.261, -98.132, 0.129, -2.094, 0.000, -0.000, 0.000, 0.000, 2.200, 291.027, 0.000
0, 0, 2, 265, vehicle.mercedes-benz.coupe, 3, 16.448, -134.589, 0.151, -2.171, -0.002, -0.000, -0.000, 0.002, 2.200, 291.027, 0.000
0, 0, 1, 264, vehicle.mercedes-benz.coupe, 3, -5.261, -98.132, 0.129, -2.094, 0.000, -0.000, 0.000, 0.000, 2.300, 291.127, 0.000
0, 0, 2, 265, vehicle.mercedes-benz.coupe, 3, 16.448, -134.589, 0.151, -2.171, -0.002, -0.000, -0.000, 0.002, 2.300, 291.127, 0.000
0, 0, 1, 264, vehicle.mercedes-benz.coupe, 3, -5.261, -98.136, 0.129, -2.092, 0.026, -0.332, -0.000, 0.333, 2.400, 291.227, 0.000
0, 0, 2, 265, vehicle.mercedes-benz.coupe, 3, 16.448, -134.589, 0.151, -2.171, -0.002, -0.000, -0.000, 0.002, 2.400, 291.227, 0.000
0, 0, 1, 264, vehicle.mercedes-benz.coupe, 3, -5.255, -98.247, 0.129, -2.050, 0.272, -1.764, -0.000, 1.785, 2.500, 291.327, 0.000
0, 0, 2, 265, vehicle.mercedes-benz.coupe, 3, 16.404, -134.608, 0.150, -2.190, -1.096, -0.363, -0.022, 1.155, 2.500, 291.327, 0.000
0, 0, 1, 264, vehicle.mercedes-benz.coupe, 3, -5.233, -98.478, 0.128, -1.966, 0.602, -2.921, -0.000, 2.982, 2.600, 291.427, 0.000
0, 0, 2, 265, vehicle.mercedes-benz.coupe, 3, 16.237, -134.673, 0.146, -2.257, -2.362, -0.631, -0.027, 2.445, 2.600, 291.427, 0.000
0, 0, 1, 264, vehicle.mercedes-benz.coupe, 3, -5.205, -98.827, 0.128, -1.867, 0.484, -4.138, 0.000, 4.166, 2.700, 291.527, 0.000
0, 0, 2, 265, vehicle.mercedes-benz.coupe, 3, 15.962, -134.759, 0.143, -2.360, -3.462, -0.626, -0.022, 3.518, 2.700, 291.527, 0.000
0, 0, 1, 264, vehicle.mercedes-benz.coupe, 3, -5.202, -99.291, 0.128, -1.785, 0.146, -5.108, 0.000, 5.111, 2.800, 291.627, 0.000
0, 0, 2, 265, vehicle.mercedes-benz.coupe, 3, 15.588, -134.841, 0.139, -2.491, -4.414, -0.387, -0.031, 4.431, 2.800, 291.627, 0.000
0, 0, 1, 264, vehicle.mercedes-benz.coupe, 3, -5.212, -99.834, 0.128, -1.722, 0.100, -5.712, 0.001, 5.713, 2.900, 291.727, 0.000
0, 0, 2, 265, vehicle.mercedes-benz.coupe, 3, 15.121, -134.913, 0.134, -2.630, -5.248, -0.306, -0.050, 5.257, 2.900, 291.727, 0.000
0, 0, 1, 264, vehicle.mercedes-benz.coupe, 3, -5.218, -100.419, 0.129, -1.672, 0.097, -5.954, -0.000, 5.955, 3.000, 291.827, 0.000
0, 0, 2, 265, vehicle.mercedes-benz.coupe, 3, 14.580, -134.973, 0.128, -2.760, -5.777, -0.129, -0.046, 5.779, 3.000, 291.827, 0.000
0, 0, 1, 264, vehicle.mercedes-benz.coupe, 3, -5.218, -101.011, 0.129, -1.636, 0.159, -5.884, -0.000, 5.886, 3.100, 291.927, 0.000
0, 0, 2, 265, vehicle.mercedes-benz.coupe, 3, 13.999, -135.010, 0.124, -2.871, -5.963, 0.056, -0.016, 5.963, 3.100, 291.927, 0.000
0, 0, 1, 264, vehicle.mercedes-benz.coupe, 3, -5.208, -101.587, 0.129, -1.607, 0.185, -5.651, -0.000, 5.654, 3.200, 292.027, 0.000
0, 0, 2, 265, vehicle.mercedes-benz.coupe, 3, 13.416, -135.010, 0.125, -2.969, -5.823, 0.474, 0.020, 5.842, 3.200, 292.027, 0.000
0, 0, 1, 264, vehicle.mercedes-benz.coupe, 3, -5.195, -102.136, 0.129, -1.587, 0.214, -5.366, -0.000, 5.370, 3.300, 292.127, 0.000
0, 0, 2, 265, vehicle.mercedes-benz.coupe, 3, 12.849, -134.983, 0.127, -3.045, -5.600, 0.577, 0.015, 5.630, 3.300, 292.127, 0.000
0, 0, 1, 264, vehicle.mercedes-benz.coupe, 3, -5.172, -102.657, 0.130, -1.567, 0.327, -5.098, -0.000, 5.109, 3.400, 292.227, 0.000
0, 0, 2, 265, vehicle.mercedes-benz.coupe, 3, 12.306, -134.940, 0.129, -3.102, -5.340, 0.544, 0.005, 5.367, 3.400, 292.227, 0.000
0, 0, 1, 264, vehicle.mercedes-benz.coupe, 3, -5.143, -103.155, 0.129, -1.550, 0.362, -4.906, -0.003, 4.919, 3.500, 292.327, 0.000
0, 0, 2, 265, vehicle.mercedes-benz.coupe, 3, 11.786, -134.903, 0.129, -3.136, -5.095, 0.468, 0.002, 5.116, 3.500, 292.327, 0.000
0, 0, 1, 264, vehicle.mercedes-benz.coupe, 3, -5.118, -103.640, 0.129, -1.541, 0.263, -4.799, 0.000, 4.807, 3.600, 292.427, 0.000
0, 0, 2, 265, vehicle.mercedes-benz.coupe, 3, 11.287, -134.867, 0.129, 3.124, -4.912, 0.383, -0.002, 4.927, 3.600, 292.427, 0.000
0, 0, 1, 264, vehicle.mercedes-benz.coupe, 3, -5.094, -104.117, 0.129, -1.536, 0.248, -4.750, 0.001, 4.757, 3.700, 292.527, 0.000
0, 0, 2, 265, vehicle.mercedes-benz.coupe, 3, 10.803, -134.837, 0.129, 3.112, -4.799, 0.332, 0.001, 4.810, 3.700, 292.527, 0.000
0, 0, 1, 264, vehicle.mercedes-benz.coupe, 3, -5.076, -104.591, 0.129, -1.536, 0.159, -4.747, 0.000, 4.750, 3.800, 292.627, 0.000
0, 0, 2, 265, vehicle.mercedes-benz.coupe, 3, 10.326, -134.809, 0.129, 3.104, -4.747, 0.247, 0.001, 4.753, 3.800, 292.627, 0.000
0, 0, 1, 264, vehicle.mercedes-benz.coupe, 3, -5.061, -105.067, 0.129, -1.536, 0.148, -4.761, 0.000, 4.763, 3.900, 292.727, 0.000
0, 0, 2, 265, vehicle.mercedes-benz.coupe, 3, 9.852, -134.788, 0.129, 3.102, -4.740, 0.199, 0.001, 4.744, 3.900, 292.727, 0.000
0, 0, 1, 264, vehicle.mercedes-benz.coupe, 3, -5.039, -105.542, 0.129, -1.532, 0.262, -4.746, 0.000, 4.753, 4.000, 292.827, 0.000
0, 0, 2, 265, vehicle.mercedes-benz.coupe, 3, 9.378, -134.770, 0.129, 3.103, -4.740, 0.140, 0.001, 4.742, 4.000, 292.827, 0.000
0, 0, 1, 264, vehicle.mercedes-benz.coupe, 3, -5.013, -106.016, 0.129, -1.528, 0.277, -4.737, 0.000, 4.746, 4.100, 292.927, 0.000
0, 0, 2, 265, vehicle.mercedes-benz.coupe, 3, 8.904, -134.757, 0.129, 3.106, -4.733, 0.116, 0.001, 4.734, 4.100, 292.927, 0.000
0, 0, 1, 264, vehicle.mercedes-benz.coupe, 3, -4.992, -106.490, 0.129, -1.528, 0.183, -4.733, 0.000, 4.737, 4.200, 293.027, 0.000
0, 0, 2, 265, vehicle.mercedes-benz.coupe, 3, 8.431, -134.745, 0.129, 3.110, -4.726, 0.082, 0.000, 4.726, 4.200, 293.027, 0.000
0, 0, 1, 264, vehicle.mercedes-benz.coupe, 3, -4.974, -106.963, 0.129, -1.530, 0.170, -4.726, 0.000, 4.729, 4.300, 293.127, 0.000
0, 0, 2, 265, vehicle.mercedes-benz.coupe, 3, 7.959, -134.736, 0.129, 3.114, -4.718, 0.068, 0.000, 4.719, 4.300, 293.127, 0.000
0, 0, 1, 264, vehicle.mercedes-benz.coupe, 3, -4.958, -107.435, 0.129, -1.532, 0.121, -4.750, 0.000, 4.751, 4.400, 293.227, 0.000
0, 0, 2, 265, vehicle.mercedes-benz.coupe, 3, 7.488, -134.729, 0.129, 3.117, -4.711, 0.068, 0.000, 4.712, 4.400, 293.227, 0.000
0, 0, 1, 264, vehicle.mercedes-benz.coupe, 3, -4.946, -107.933, 0.129, -1.536, 0.111, -5.139, 0.004, 5.140, 4.500, 293.327, 0.000
0, 0, 2, 265, vehicle.mercedes-benz.coupe, 3, 7.009, -134.732, 0.129, 3.127, -4.942, -0.135, 0.000, 4.944, 4.500, 293.327, 0.000
0, 0, 1, 264, vehicle.mercedes-benz.coupe, 3, -4.930, -108.460, 0.129, -1.537, 0.219, -5.352, -0.000, 5.357, 4.600, 293.427, 0.000
0, 0, 2, 265, vehicle.mercedes-benz.coupe, 3, 6.497, -134.743, 0.129, 3.139, -5.244, -0.165, 0.002, 5.247, 4.600, 293.427, 0.000
0, 0, 1, 264, vehicle.mercedes-benz.coupe, 3, -4.906, -109.001, 0.129, -1.533, 0.275, -5.439, -0.001, 5.446, 4.700, 293.527, 0.000
0, 0, 2, 265, vehicle.mercedes-benz.coupe, 3, 5.963, -134.754, 0.129, -3.137, -5.399, -0.116, -0.000, 5.400, 4.700, 293.527, 0.000
0, 0, 1, 264, vehicle.mercedes-benz.coupe, 3, -4.881, -109.546, 0.129, -1.531, 0.217, -5.446, -0.000, 5.450, 4.800, 293.627, 0.000
0, 0, 2, 265, vehicle.mercedes-benz.coupe, 3, 5.419, -134.763, 0.129, -3.133, -5.450, -0.089, -0.000, 5.451, 4.800, 293.627, 0.000
0, 0, 1, 264, vehicle.mercedes-benz.coupe, 3, -4.861, -110.089, 0.129, -1.532, 0.180, -5.409, -0.000, 5.412, 4.900, 293.727, 0.000
0, 0, 2, 265, vehicle.mercedes-benz.coupe, 3, 4.875, -134.770, 0.129, -3.132, -5.435, -0.075, -0.000, 5.436, 4.900, 293.727, 0.000
0, 0, 1, 264, vehicle.mercedes-benz.coupe, 3, -4.846, -110.627, 0.129, -1.536, 0.117, -5.357, -0.000, 5.358, 5.000, 293.827, 0.000
0, 0, 2, 265, vehicle.mercedes-benz.coupe, 3, 4.334, -134.777, 0.129, -3.131, -5.390, -0.056, -0.000, 5.390, 5.000, 293.827, 0.000
0, 0, 1, 264, vehicle.mercedes-benz.coupe, 3, -4.834, -111.160, 0.129, -1.540, 0.102, -5.307, -0.000, 5.308, 5.100, 293.927, 0.000
0, 0, 2, 265, vehicle.mercedes-benz.coupe, 3, 3.798, -134.782, 0.129, -3.132, -5.337, -0.047, -0.000, 5.337, 5.100, 293.927, 0.000
0, 0, 1, 264, vehicle.mercedes-benz.coupe, 3, -4.815, -111.687, 0.129, -1.537, 0.240, -5.259, -0.000, 5.265, 5.200, 294.027, 0.000
0, 0, 2, 265, vehicle.mercedes-benz.coupe, 3, 3.267, -134.786, 0.129, -3.132, -5.290, -0.034, -0.000, 5.291, 5.200, 294.027, 0.000
0, 0, 1, 264, vehicle.mercedes-benz.coupe, 3, -4.791, -112.212, 0.129, -1.533, 0.261, -5.231, -0.000, 5.237, 5.300, 294.127, 0.000
0, 0, 2, 265, vehicle.mercedes-benz.coupe, 3, 2.740, -134.790, 0.129, -3.133, -5.255, -0.027, -0.000, 5.255, 5.300, 294.127, 0.000
0, 0, 1, 264, vehicle.mercedes-benz.coupe, 3, -4.771, -112.734, 0.129, -1.533, 0.181, -5.217, -0.000, 5.220, 5.400, 294.227, 0.000
0, 0, 2, 265, vehicle.mercedes-benz.coupe, 3, 2.216, -134.796, 0.129, -3.131, -5.224, -0.155, -0.000, 5.227, 5.400, 294.227, 0.000
0, 0, 1, 264, vehicle.mercedes-benz.coupe, 3, -4.754, -113.255, 0.129, -1.536, 0.128, -5.210, -0.000, 5.211, 5.500, 294.327, 0.000
0, 0, 2, 265, vehicle.mercedes-benz.coupe, 3, 1.695, -134.814, 0.129, -3.123, -5.209, -0.224, -0.000, 5.214, 5.500, 294.327, 0.000
0, 0, 1, 264, vehicle.mercedes-benz.coupe, 3, -4.742, -113.776, 0.129, -1.539, 0.105, -5.208, -0.000, 5.209, 5.600, 294.427, 0.000
0, 0, 2, 265, vehicle.mercedes-benz.coupe, 3, 1.174, -134.830, 0.129, -3.119, -5.206, -0.162, -0.000, 5.209, 5.600, 294.427, 0.000
0, 0, 1, 264, vehicle.mercedes-benz.coupe, 3, -4.727, -114.297, 0.129, -1.540, 0.204, -5.203, -0.000, 5.207, 5.700, 294.527, 0.000
0, 0, 2, 265, vehicle.mercedes-benz.coupe, 3, 0.653, -134.845, 0.129, -3.117, -5.206, -0.155, -0.000, 5.209, 5.700, 294.527, 0.000
0, 0, 1, 264, vehicle.mercedes-benz.coupe, 3, -4.705, -114.817, 0.129, -1.536, 0.255, -5.204, -0.000, 5.210, 5.800, 294.627, 0.000
0, 0, 2, 265, vehicle.mercedes-benz.coupe, 3, 0.132, -134.857, 0.129, -3.118, -5.209, -0.102, -0.000, 5.210, 5.800, 294.627, 0.000
0, 0, 1, 264, vehicle.mercedes-benz.coupe, 3, -4.682, -115.338, 0.129, -1.533, 0.198, -5.208, -0.000, 5.212, 5.900, 294.727, 0.000
0, 0, 2, 265, vehicle.mercedes-benz.coupe, 3, -0.389, -134.867, 0.129, -3.120, -5.212, -0.093, 0.000, 5.213, 5.900, 294.727, 0.000
0, 0, 1, 264, vehicle.mercedes-benz.coupe, 3, -4.664, -115.859, 0.129, -1.535, 0.168, -5.212, -0.000, 5.215, 6.000, 294.827, 0.000
0, 0, 2, 265, vehicle.mercedes-benz.coupe, 3, -0.910, -134.875, 0.129, -3.122, -5.215, -0.061, -0.000, 5.215, 6.000, 294.827, 0.000
0, 0, 1, 264, vehicle.mercedes-benz.coupe, 3, -4.648, -116.380, 0.129, -1.537, 0.121, -5.215, 0.000, 5.217, 6.100, 294.927, 0.000
0, 0, 2, 265, vehicle.mercedes-benz.coupe, 3, -1.432, -134.881, 0.129, -3.124, -5.217, -0.055, -0.000, 5.217, 6.100, 294.927, 0.000
0, 0, 1, 264, vehicle.mercedes-benz.coupe, 3, -4.637, -116.902, 0.129, -1.541, 0.098, -5.218, 0.000, 5.219, 6.200, 295.027, 0.000
0, 0, 2, 265, vehicle.mercedes-benz.coupe, 3, -1.954, -134.886, 0.129, -3.127, -5.219, -0.031, -0.000, 5.219, 6.200, 295.027, 0.000
0, 0, 1, 264, vehicle.mercedes-benz.coupe, 3, -4.618, -117.423, 0.129, -1.538, 0.230, -5.212, -0.000, 5.217, 6.300, 295.127, 0.000
0, 0, 2, 265, vehicle.mercedes-benz.coupe, 3, -2.475, -134.894, 0.129, -3.127, -5.214, -0.146, 0.000, 5.216, 6.300, 295.127, 0.000
0, 0, 1, 264, vehicle.mercedes-benz.coupe, 3, -4.595, -117.944, 0.129, -1.534, 0.250, -5.213, 0.000, 5.219, 6.400, 295.227, 0.000
0, 0, 2, 265, vehicle.mercedes-benz.coupe, 3, -2.997, -134.910, 0.129, -3.121, -5.213, -0.204, -0.000, 5.217, 6.400, 295.227, 0.000
0, 0, 1, 264, vehicle.mercedes-benz.coupe, 3, -4.575, -118.466, 0.129, -1.535, 0.172, -5.216, 0.000, 5.219, 6.500, 295.327, 0.000
0, 0, 2, 265, vehicle.mercedes-benz.coupe, 3, -3.518, -134.930, 0.129, -3.115, -5.214, -0.224, 0.000, 5.218, 6.500, 295.327, 0.000
0, 0, 1, 264, vehicle.mercedes-benz.coupe, 3, -4.559, -118.987, 0.129, -1.536, 0.161, -5.217, 0.000, 5.219, 6.600, 295.427, 0.000
0, 0, 2, 265, vehicle.mercedes-benz.coupe, 3, -4.040, -134.946, 0.129, -3.114, -5.217, -0.142, -0.000, 5.219, 6.600, 295.427, 0.000
0, 0, 1, 264, vehicle.mercedes-benz.coupe, 3, -4.545, -119.509, 0.129, -1.539, 0.106, -5.218, 0.000, 5.219, 6.700, 295.527, 0.000
0, 0, 2, 265, vehicle.mercedes-benz.coupe, 3, -4.561, -134.958, 0.129, -3.116, -5.218, -0.099, -0.000, 5.219, 6.700, 295.527, 0.000
0, 0, 1, 264, vehicle.mercedes-benz.coupe, 3, -4.534, -120.031, 0.129, -1.543, 0.097, -5.219, -0.000, 5.220, 6.800, 295.627, 0.000
0, 0, 2, 265, vehicle.mercedes-benz.coupe, 3, -5.083, -134.968, 0.129, -3.118, -5.219, -0.081, 0.000, 5.220, 6.800, 295.627, 0.000
0, 0, 1, 264, vehicle.mercedes-benz.coupe, 3, -4.515, -120.552, 0.129, -1.539, 0.237, -5.212, -0.000, 5.217, 6.900, 295.727, 0.000
0, 0, 2, 265, vehicle.mercedes-benz.coupe, 3, -5.605, -134.976, 0.129, -3.121, -5.219, -0.058, -0.000, 5.220, 6.900, 295.727, 0.000
0, 0, 1, 264, vehicle.mercedes-benz.coupe, 3, -4.492, -121.074, 0.129, -1.535, 0.259, -5.212, -0.000, 5.218, 7.000, 295.827, 0.000
0, 0, 2, 265, vehicle.mercedes-benz.coupe, 3, -6.127, -134.982, 0.129, -3.124, -5.220, -0.047, 0.000, 5.220, 7.000, 295.827, 0.000
0, 0, 1, 264, vehicle.mercedes-benz.coupe, 3, -4.472, -121.595, 0.129, -1.534, 0.181, -5.215, -0.000, 5.218, 7.100, 295.927, 0.000
0, 0, 2, 265, vehicle.mercedes-benz.coupe, 3, -6.649, -134.987, 0.129, -3.127, -5.220, -0.032, -0.000, 5.220, 7.100, 295.927, 0.000
0, 0, 1, 264, vehicle.mercedes-benz.coupe, 3, -4.455, -122.117, 0.129, -1.536, 0.128, -5.217, 0.000, 5.218, 7.200, 296.027, 0.000
0, 0, 2, 265, vehicle.mercedes-benz.coupe, 3, -7.171, -134.991, 0.129, -3.129, -5.220, -0.025, 0.000, 5.220, 7.200, 296.027, 0.000
0, 0, 1, 264, vehicle.mercedes-benz.coupe, 3, -4.443, -122.638, 0.129, -1.540, 0.106, -5.218, -0.000, 5.219, 7.300, 296.127, 0.000
0, 0, 2, 265, vehicle.mercedes-benz.coupe, 3, -7.693, -134.997, 0.129, -3.128, -5.214, -0.149, 0.000, 5.216, 7.300, 296.127, 0.000
0, 0, 1, 264, vehicle.mercedes-benz.coupe, 3, -4.436, -123.160, 0.129, -1.547, -0.105, -5.204, -0.000, 5.205, 7.400, 296.227, 0.000
0, 0, 2, 265, vehicle.mercedes-benz.coupe, 3, -8.214, -135.015, 0.129, -3.121, -5.212, -0.214, -0.000, 5.216, 7.400, 296.227, 0.000
0, 0, 1, 264, vehicle.mercedes-benz.coupe, 3, -4.456, -123.679, 0.129, -1.568, -0.325, -5.191, -0.000, 5.201, 7.500, 296.327, 0.000
0, 0, 2, 265, vehicle.mercedes-benz.coupe, 3, -8.735, -135.031, 0.129, -3.118, -5.215, -0.156, 0.000, 5.218, 7.500, 296.327, 0.000
0, 0, 1, 264, vehicle.mercedes-benz.coupe, 3, -4.489, -124.198, 0.129, -1.590, -0.532, -5.168, -0.000, 5.195, 7.600, 296.427, 0.000
0, 0, 2, 265, vehicle.mercedes-benz.coupe, 3, -9.257, -135.045, 0.129, -3.117, -5.216, -0.149, 0.000, 5.219, 7.600, 296.427, 0.000
0, 0, 1, 264, vehicle.mercedes-benz.coupe, 3, -4.542, -124.714, 0.129, -1.617, -0.665, -5.160, 0.000, 5.203, 7.700, 296.527, 0.000
0, 0, 2, 265, vehicle.mercedes-benz.coupe, 3, -9.779, -135.057, 0.129, -3.118, -5.218, -0.100, 0.000, 5.219, 7.700, 296.527, 0.000
0, 0, 1, 264, vehicle.mercedes-benz.coupe, 3, -4.611, -125.229, 0.129, -1.645, -0.834, -5.139, 0.000, 5.206, 7.800, 296.627, 0.000
0, 0, 2, 265, vehicle.mercedes-benz.coupe, 3, -10.301, -135.067, 0.129, -3.120, -5.219, -0.093, 0.000, 5.220, 7.800, 296.627, 0.000
0, 0, 1, 264, vehicle.mercedes-benz.coupe, 3, -4.689, -125.744, 0.129, -1.670, -0.885, -5.140, 0.000, 5.216, 7.900, 296.727, 0.000
0, 0, 2, 265, vehicle.mercedes-benz.coupe, 3, -10.823, -135.074, 0.129, -3.122, -5.219, -0.062, 0.000, 5.220, 7.900, 296.727, 0.000
0, 0, 1, 264, vehicle.mercedes-benz.coupe, 3, -4.777, -126.257, 0.129, -1.692, -0.984, -5.126, 0.000, 5.219, 8.000, 296.827, 0.000
0, 0, 2, 265, vehicle.mercedes-benz.coupe, 3, -11.345, -135.081, 0.129, -3.124, -5.220, -0.057, -0.000, 5.220, 8.000, 296.827, 0.000
0, 0, 1, 264, vehicle.mercedes-benz.coupe, 3, -4.871, -126.771, 0.129, -1.712, -1.042, -5.118, 0.000, 5.223, 8.100, 296.927, 0.000
0, 0, 2, 265, vehicle.mercedes-benz.coupe, 3, -11.866, -135.086, 0.129, -3.127, -5.220, -0.035, 0.000, 5.220, 8.100, 296.927, 0.000
0, 0, 1, 264, vehicle.mercedes-benz.coupe, 3, -4.972, -127.283, 0.129, -1.729, -1.073, -5.114, 0.000, 5.225, 8.200, 297.027, 0.000
0, 0, 2, 265, vehicle.mercedes-benz.coupe, 3, -12.388, -135.090, 0.129, -3.129, -5.220, -0.023, 0.000, 5.220, 8.200, 297.027, 0.000
0, 0, 1, 264, vehicle.mercedes-benz.coupe, 3, -5.076, -127.795, 0.129, -1.742, -1.100, -5.108, 0.000, 5.225, 8.300, 297.127, 0.000
0, 0, 2, 265, vehicle.mercedes-benz.coupe, 3, -12.910, -135.093, 0.129, -3.131, -5.220, -0.018, 0.000, 5.220, 8.300, 297.127, 0.000
0, 0, 1, 264, vehicle.mercedes-benz.coupe, 3, -5.183, -128.306, 0.129, -1.753, -1.117, -5.104, 0.000, 5.225, 8.400, 297.227, 0.000
0, 0, 2, 265, vehicle.mercedes-benz.coupe, 3, -13.432, -135.098, 0.129, -3.130, -5.214, -0.137, -0.000, 5.216, 8.400, 297.227, 0.000
0, 0, 1, 264, vehicle.mercedes-benz.coupe, 3, -5.293, -128.817, 0.129, -1.762, -1.130, -5.100, -0.000, 5.224, 8.500, 297.327, 0.000
0, 0, 2, 265, vehicle.mercedes-benz.coupe, 3, -13.954, -135.114, 0.129, -3.124, -5.213, -0.199, 0.000, 5.216, 8.500, 297.327, 0.000
0, 0, 1, 264, vehicle.mercedes-benz.coupe, 3, -5.404, -129.327, 0.129, -1.770, -1.137, -5.098, 0.000, 5.223, 8.600, 297.427, 0.000
0, 0, 2, 265, vehicle.mercedes-benz.coupe, 3, -14.475, -135.132, 0.129, -3.119, -5.215, -0.160, 0.000, 5.218, 8.600, 297.427, 0.000
0, 0, 1, 264, vehicle.mercedes-benz.coupe, 3, -5.518, -129.837, 0.129, -1.777, -1.180, -5.086, -0.000, 5.221, 8.700, 297.527, 0.000
0, 0, 2, 265, vehicle.mercedes-benz.coupe, 3, -14.997, -135.146, 0.129, -3.118, -5.217, -0.139, 0.000, 5.219, 8.700, 297.527, 0.000
0, 0, 1, 264, vehicle.mercedes-benz.coupe, 3, -5.634, -130.346, 0.129, -1.783, -1.177, -5.086, -0.000, 5.221, 8.800, 297.627, 0.000
0, 0, 2, 265, vehicle.mercedes-benz.coupe, 3, -15.518, -135.158, 0.129, -3.118, -5.218, -0.101, 0.000, 5.219, 8.800, 297.627, 0.000
0, 0, 1, 264, vehicle.mercedes-benz.coupe, 3, -5.751, -130.855, 0.129, -1.787, -1.175, -5.086, -0.000, 5.220, 8.900, 297.727, 0.000
0, 0, 2, 265, vehicle.mercedes-benz.coupe, 3, -16.040, -135.167, 0.129, -3.120, -5.219, -0.084, -0.000, 5.219, 8.900, 297.727, 0.000
0, 0, 1, 264, vehicle.mercedes-benz.coupe, 3, -5.888, -131.355, 0.129, -1.806, -1.696, -4.877, -0.000, 5.163, 9.000, 297.827, 0.000
0, 0, 2, 265, vehicle.mercedes-benz.coupe, 3, -16.562, -135.176, 0.129, -3.122, -5.219, -0.060, 0.000, 5.220, 9.000, 297.827, 0.000
0, 0, 1, 264, vehicle.mercedes-benz.coupe, 3, -6.082, -131.823, 0.129, -1.861, -2.429, -4.410, -0.004, 5.035, 9.100, 297.927, 0.000
0, 0, 2, 265, vehicle.mercedes-benz.coupe, 3, -17.084, -135.182, 0.129, -3.125, -5.220, -0.049, 0.000, 5.220, 9.100, 297.927, 0.000
0, 0, 1, 264, vehicle.mercedes-benz.coupe, 3, -6.341, -132.235, 0.129, -1.948, -3.153, -3.721, -0.000, 4.877, 9.200, 298.027, 0.000
0, 0, 2, 265, vehicle.mercedes-benz.coupe, 3, -17.606, -135.187, 0.129, -3.127, -5.220, -0.034, -0.000, 5.220, 9.200, 298.027, 0.000
0, 0, 1, 264, vehicle.mercedes-benz.coupe, 3, -6.659, -132.584, 0.129, -2.057, -3.719, -3.102, 0.000, 4.843, 9.300, 298.127, 0.000
0, 0, 2, 265, vehicle.mercedes-benz.coupe, 3, -18.128, -135.190, 0.129, -3.130, -5.220, -0.025, -0.000, 5.220, 9.300, 298.127, 0.000
0, 0, 1, 264, vehicle.mercedes-benz.coupe, 3, -7.023, -132.893, 0.129, -2.169, -4.106, -2.775, 0.001, 4.956, 9.400, 298.227, 0.000
0, 0, 2, 265, vehicle.mercedes-benz.coupe, 3, -18.649, -135.203, 0.129, -3.125, -5.213, -0.184, -0.000, 5.216, 9.400, 298.227, 0.000
0, 0, 1, 264, vehicle.mercedes-benz.coupe, 3, -7.425, -133.171, 0.129, -2.278, -4.433, -2.430, 0.000, 5.055, 9.500, 298.327, 0.000
0, 0, 2, 265, vehicle.mercedes-benz.coupe, 3, -19.171, -135.221, 0.129, -3.119, -5.213, -0.219, -0.000, 5.217, 9.500, 298.327, 0.000
0, 0, 1, 264, vehicle.mercedes-benz.coupe, 3, -7.858, -133.423, 0.129, -2.381, -4.680, -2.175, 0.000, 5.160, 9.600, 298.427, 0.000
0, 0, 2, 265, vehicle.mercedes-benz.coupe, 3, -19.692, -135.237, 0.129, -3.117, -5.216, -0.147, 0.000, 5.218, 9.600, 298.427, 0.000
0, 0, 1, 264, vehicle.mercedes-benz.coupe, 3, -8.317, -133.652, 0.129, -2.474, -4.858, -1.973, 0.005, 5.243, 9.700, 298.527, 0.000
0, 0, 2, 265, vehicle.mercedes-benz.coupe, 3, -20.214, -135.251, 0.129, -3.116, -5.217, -0.137, 0.000, 5.219, 9.700, 298.527, 0.000
0, 0, 1, 264, vehicle.mercedes-benz.coupe, 3, -8.794, -133.861, 0.130, -2.555, -4.978, -1.798, 0.000, 5.293, 9.800, 298.627, 0.000
0, 0, 2, 265, vehicle.mercedes-benz.coupe, 3, -20.736, -135.262, 0.129, -3.118, -5.218, -0.090, -0.000, 5.219, 9.800, 298.627, 0.000
0, 0, 1, 264, vehicle.mercedes-benz.coupe, 3, -9.285, -134.052, 0.130, -2.624, -5.053, -1.640, -0.001, 5.312, 9.900, 298.727, 0.000
0, 0, 2, 265, vehicle.mercedes-benz.coupe, 3, -21.258, -135.271, 0.129, -3.120, -5.219, -0.083, 0.000, 5.220, 9.900, 298.727, 0.000
0, 0, 1, 264, vehicle.mercedes-benz.coupe, 3, -9.784, -134.227, 0.129, -2.681, -5.082, -1.575, -0.000, 5.320, 10.000, 298.827, 0.000
0, 0, 2, 265, vehicle.mercedes-benz.coupe, 3, -21.779, -135.278, 0.129, -3.123, -5.219, -0.053, -0.000, 5.220, 10.000, 298.827, 0.000
0, 0, 1, 264, vehicle.mercedes-benz.coupe, 3, -10.286, -134.395, 0.129, -2.725, -5.086, -1.517, -0.000, 5.308, 10.100, 298.927, 0.000
0, 0, 2, 265, vehicle.mercedes-benz.coupe, 3, -22.301, -135.284, 0.129, -3.125, -5.220, -0.048, 0.000, 5.220, 10.100, 298.927, 0.000
0, 0, 1, 264, vehicle.mercedes-benz.coupe, 3, -10.789, -134.558, 0.129, -2.758, -5.069, -1.516, -0.000, 5.291, 10.200, 299.027, 0.000
0, 0, 2, 265, vehicle.mercedes-benz.coupe, 3, -22.823, -135.288, 0.129, -3.128, -5.220, -0.029, 0.000, 5.220, 10.200, 299.027, 0.000
0, 0, 1, 264, vehicle.mercedes-benz.coupe, 3, -11.292, -134.715, 0.129, -2.784, -5.058, -1.474, -0.000, 5.269, 10.300, 299.127, 0.000
0, 0, 2, 265, vehicle.mercedes-benz.coupe, 3, -23.345, -135.292, 0.129, -3.130, -5.220, -0.026, -0.000, 5.220, 10.300, 299.127, 0.000
0, 0, 1, 264, vehicle.mercedes-benz.coupe, 3, -11.798, -134.847, 0.129, -2.819, -5.106, -1.039, -0.000, 5.211, 10.400, 299.227, 0.000
0, 0, 2, 265, vehicle.mercedes-benz.coupe, 3, -23.867, -135.305, 0.129, -3.125, -5.212, -0.197, -0.000, 5.216, 10.400, 299.227, 0.000
0, 0, 1, 264, vehicle.mercedes-benz.coupe, 3, -12.306, -134.949, 0.129, -2.861, -5.135, -0.720, -0.000, 5.185, 10.500, 299.327, 0.000
0, 0, 2, 265, vehicle.mercedes-benz.coupe, 3, -24.388, -135.323, 0.129, -3.119, -5.214, -0.175, 0.000, 5.217, 10.500, 299.327, 0.000
0, 0, 1, 264, vehicle.mercedes-benz.coupe, 3, -12.818, -135.023, 0.129, -2.905, -5.164, -0.533, -0.000, 5.191, 10.600, 299.427, 0.000
0, 0, 2, 265, vehicle.mercedes-benz.coupe, 3, -24.910, -135.338, 0.129, -3.117, -5.216, -0.157, 0.000, 5.218, 10.600, 299.427, 0.000
0, 0, 1, 264, vehicle.mercedes-benz.coupe, 3, -13.333, -135.084, 0.129, -2.942, -5.187, -0.473, 0.000, 5.208, 10.700, 299.527, 0.000
0, 0, 2, 265, vehicle.mercedes-benz.coupe, 3, -25.431, -135.352, 0.129, -3.117, -5.217, -0.116, 0.000, 5.219, 10.700, 299.527, 0.000
0, 0, 1, 264, vehicle.mercedes-benz.coupe, 3, -13.850, -135.140, 0.129, -2.971, -5.201, -0.438, 0.000, 5.220, 10.800, 299.627, 0.000
0, 0, 2, 265, vehicle.mercedes-benz.coupe, 3, -25.953, -135.363, 0.129, -3.118, -5.218, -0.097, -0.000, 5.219, 10.800, 299.627, 0.000
0, 0, 1, 264, vehicle.mercedes-benz.coupe, 3, -14.370, -135.187, 0.129, -2.997, -5.210, -0.312, -0.000, 5.220, 10.900, 299.727, 0.000
0, 0, 2, 265, vehicle.mercedes-benz.coupe, 3, -26.475, -135.372, 0.129, -3.120, -5.219, -0.069, -0.000, 5.220, 10.900, 299.727, 0.000
0, 0, 1, 264, vehicle.mercedes-benz.coupe, 3, -14.890, -135.221, 0.129, -3.022, -5.218, -0.236, -0.000, 5.224, 11.000, 299.827, 0.000
0, 0, 2, 265, vehicle.mercedes-benz.coupe, 3, -26.997, -135.379, 0.129, -3.123, -5.219, -0.056, -0.000, 5.220, 11.000, 299.827, 0.000
0, 0, 1, 264, vehicle.mercedes-benz.coupe, 3, -15.412, -135.249, 0.129, -3.044, -5.222, -0.156, -0.000, 5.224, 11.100, 299.927, 0.000
0, 0, 2, 265, vehicle.mercedes-benz.coupe, 3, -27.519, -135.385, 0.129, -3.125, -5.220, -0.039, 0.000, 5.220, 11.100, 299.927, 0.000
0, 0, 1, 264, vehicle.mercedes-benz.coupe, 3, -15.934, -135.268, 0.129, -3.063, -5.224, -0.110, 0.000, 5.226, 11.200, 300.027, 0.000
0, 0, 2, 265, vehicle.mercedes-benz.coupe, 3, -28.041, -135.389, 0.129, -3.128, -5.220, -0.030, 0.000, 5.220, 11.200, 300.027, 0.000
0, 0, 1, 264, vehicle.mercedes-benz.coupe, 3, -16.456, -135.281, 0.129, -3.080, -5.225, -0.057, -0.000, 5.225, 11.300, 300.127, 0.000
0, 0, 2, 265, vehicle.mercedes-benz.coupe, 3, -28.562, -135.402, 0.129, -3.123, -5.213, -0.187, -0.000, 5.216, 11.300, 300.127, 0.000
0, 0, 1, 264, vehicle.mercedes-benz.coupe, 3, -16.978, -135.290, 0.129, -3.094, -5.225, -0.038, -0.000, 5.225, 11.400, 300.227, 0.000
0, 0, 2, 265, vehicle.mercedes-benz.coupe, 3, -29.084, -135.421, 0.129, -3.118, -5.213, -0.212, 0.000, 5.217, 11.400, 300.227, 0.000
0, 0, 1, 264, vehicle.mercedes-benz.coupe, 3, -17.500, -135.296, 0.129, -3.106, -5.224, -0.015, -0.000, 5.224, 11.500, 300.327, 0.000
0, 0, 2, 265, vehicle.mercedes-benz.coupe, 3, -29.605, -135.436, 0.129, -3.116, -5.216, -0.148, 0.000, 5.218, 11.500, 300.327, 0.000
0, 0, 1, 264, vehicle.mercedes-benz.coupe, 3, -18.022, -135.300, 0.129, -3.115, -5.223, -0.004, 0.000, 5.223, 11.600, 300.427, 0.000
0, 0, 2, 265, vehicle.mercedes-benz.coupe, 3, -30.127, -135.450, 0.129, -3.116, -5.217, -0.139, 0.000, 5.219, 11.600, 300.427, 0.000
0, 0, 1, 264, vehicle.mercedes-benz.coupe, 3, -18.545, -135.303, 0.129, -3.122, -5.222, 0.004, 0.000, 5.222, 11.700, 300.527, 0.000
0, 0, 2, 265, vehicle.mercedes-benz.coupe, 3, -30.648, -135.461, 0.129, -3.118, -5.218, -0.092, -0.000, 5.219, 11.700, 300.527, 0.000
0, 0, 1, 264, vehicle.mercedes-benz.coupe, 3, -19.067, -135.304, 0.129, -3.127, -5.221, 0.007, -0.000, 5.221, 11.800, 300.627, 0.000
0, 0, 2, 265, vehicle.mercedes-benz.coupe, 3, -31.170, -135.471, 0.129, -3.120, -5.219, -0.084, 0.000, 5.220, 11.800, 300.627, 0.000
0, 0, 1, 264, vehicle.mercedes-benz.coupe, 3, -19.589, -135.304, 0.129, -3.131, -5.221, 0.010, -0.000, 5.221, 11.900, 300.727, 0.000
0, 0, 2, 265, vehicle.mercedes-benz.coupe, 3, -31.692, -135.478, 0.129, -3.122, -5.219, -0.054, -0.000, 5.220, 11.900, 300.727, 0.000
0, 0, 1, 264, vehicle.mercedes-benz.coupe, 3, -20.111, -135.305, 0.129, -3.135, -5.220, 0.010, -0.000, 5.220, 12.000, 300.827, 0.000
0, 0, 2, 265, vehicle.mercedes-benz.coupe, 3, -32.214, -135.484, 0.129, -3.125, -5.220, -0.048, -0.000, 5.220, 12.000, 300.827, 0.000
0, 0, 1, 264, vehicle.mercedes-benz.coupe, 3, -20.633, -135.304, 0.129, -3.137, -5.220, 0.010, -0.000, 5.220, 12.100, 300.927, 0.000
0, 0, 2, 265, vehicle.mercedes-benz.coupe, 3, -32.736, -135.488, 0.129, -3.128, -5.220, -0.030, 0.000, 5.220, 12.100, 300.927, 0.000
0, 0, 1, 264, vehicle.mercedes-benz.coupe, 3, -21.155, -135.304, 0.129, -3.139, -5.220, 0.009, -0.000, 5.220, 12.200, 301.027, 0.000
0, 0, 2, 265, vehicle.mercedes-benz.coupe, 3, -33.258, -135.492, 0.129, -3.130, -5.220, -0.026, 0.000, 5.220, 12.200, 301.027, 0.000
0, 0, 1, 264, vehicle.mercedes-benz.coupe, 3, -21.677, -135.303, 0.129, -3.140, -5.220, 0.009, -0.000, 5.220, 12.300, 301.127, 0.000
0, 0, 2, 265, vehicle.mercedes-benz.coupe, 3, -33.779, -135.505, 0.129, -3.124, -5.212, -0.198, -0.000, 5.216, 12.300, 301.127, 0.000
0, 0, 1, 264, vehicle.mercedes-benz.coupe, 3, -22.199, -135.303, 0.129, -3.141, -5.220, 0.007, -0.000, 5.220, 12.400, 301.227, 0.000
0, 0, 2, 265, vehicle.mercedes-benz.coupe, 3, -34.301, -135.523, 0.129, -3.119, -5.214, -0.172, 0.000, 5.217, 12.400, 301.227, 0.000
0, 0, 1, 264, vehicle.mercedes-benz.coupe, 3, -22.721, -135.302, 0.129, -3.141, -5.220, 0.006, -0.000, 5.220, 12.500, 301.327, 0.000
0, 0, 2, 265, vehicle.mercedes-benz.coupe, 3, -34.822, -135.538, 0.129, -3.117, -5.216, -0.152, 0.000, 5.218, 12.500, 301.327, 0.000
0, 0, 1, 264, vehicle.mercedes-benz.coupe, 3, -23.243, -135.302, 0.129, -3.142, -5.220, 0.005, -0.000, 5.220, 12.600, 301.427, 0.000
0, 0, 2, 265, vehicle.mercedes-benz.coupe, 3, -35.344, -135.551, 0.129, -3.117, -5.217, -0.113, -0.000, 5.219, 12.600, 301.427, 0.000
0, 0, 1, 264, vehicle.mercedes-benz.coupe, 3, -23.765, -135.302, 0.129, 3.141, -5.220, 0.004, -0.000, 5.220, 12.700, 301.527, 0.000
0, 0, 2, 265, vehicle.mercedes-benz.coupe, 3, -35.866, -135.562, 0.129, -3.119, -5.218, -0.095, -0.000, 5.219, 12.700, 301.527, 0.000
0, 0, 1, 264, vehicle.mercedes-benz.coupe, 3, -24.287, -135.301, 0.129, 3.141, -5.220, 0.003, 0.000, 5.220, 12.800, 301.627, 0.000
0, 0, 2, 265, vehicle.mercedes-benz.coupe, 3, -36.388, -135.571, 0.129, -3.121, -5.219, -0.069, -0.000, 5.220, 12.800, 301.627, 0.000
0, 0, 1, 264, vehicle.mercedes-benz.coupe, 3, -24.809, -135.301, 0.129, 3.141, -5.220, 0.003, 0.000, 5.220, 12.900, 301.727, 0.000
0, 0, 2, 265, vehicle.mercedes-benz.coupe, 3, -36.909, -135.578, 0.129, -3.123, -5.220, -0.056, -0.000, 5.220, 12.900, 301.727, 0.000
0, 0, 1, 264, vehicle.mercedes-benz.coupe, 3, -25.331, -135.301, 0.129, 3.141, -5.220, 0.002, 0.000, 5.220, 13.000, 301.827, 0.000
0, 0, 2, 265, vehicle.mercedes-benz.coupe, 3, -37.431, -135.584, 0.129, -3.126, -5.220, -0.039, 0.000, 5.220, 13.000, 301.827, 0.000
0, 0, 1, 264, vehicle.mercedes-benz.coupe, 3, -25.853, -135.301, 0.129, 3.141, -5.220, 0.002, 0.000, 5.220, 13.100, 301.927, 0.000
0, 0, 2, 265, vehicle.mercedes-benz.coupe, 3, -37.953, -135.588, 0.129, -3.128, -5.220, -0.032, 0.000, 5.220, 13.100, 301.927, 0.000
0, 0, 1, 264, vehicle.mercedes-benz.coupe, 3, -26.375, -135.301, 0.129, 3.141, -5.220, 0.001, 0.000, 5.220, 13.200, 302.027, 0.000
0, 0, 2, 265, vehicle.mercedes-benz.coupe, 3, -38.475, -135.592, 0.129, -3.130, -5.220, -0.026, -0.000, 5.220, 13.200, 302.027, 0.000
0, 0, 1, 264, vehicle.mercedes-benz.coupe, 3, -26.896, -135.304, 0.129, -3.139, -5.215, -0.116, 0.000, 5.216, 13.300, 302.127, 0.000
0, 0, 2, 265, vehicle.mercedes-benz.coupe, 3, -38.997, -135.594, 0.129, -3.132, -5.220, -0.017, -0.000, 5.220, 13.300, 302.127, 0.000
0, 0, 1, 264, vehicle.mercedes-benz.coupe, 3, -27.418, -135.317, 0.129, -3.131, -5.213, -0.186, -0.000, 5.216, 13.400, 302.227, 0.000
0, 0, 2, 265, vehicle.mercedes-benz.coupe, 3, -39.519, -135.606, 0.129, -3.127, -5.213, -0.182, -0.000, 5.216, 13.400, 302.227, 0.000
0, 0, 1, 264, vehicle.mercedes-benz.coupe, 3, -27.939, -135.333, 0.129, -3.125, -5.215, -0.153, 0.000, 5.218, 13.500, 302.327, 0.000
0, 0, 2, 265, vehicle.mercedes-benz.coupe, 3, -40.040, -135.624, 0.129, -3.120, -5.213, -0.209, -0.000, 5.217, 13.500, 302.327, 0.000
0, 0, 1, 264, vehicle.mercedes-benz.coupe, 3, -28.461, -135.346, 0.129, -3.123, -5.217, -0.134, 0.000, 5.219, 13.600, 302.427, 0.000
0, 0, 2, 265, vehicle.mercedes-benz.coupe, 3, -40.562, -135.639, 0.129, -3.118, -5.216, -0.145, 0.000, 5.218, 13.600, 302.427, 0.000
0, 0, 1, 264, vehicle.mercedes-benz.coupe, 3, -28.983, -135.358, 0.129, -3.122, -5.218, -0.102, -0.000, 5.219, 13.700, 302.527, 0.000
0, 0, 2, 265, vehicle.mercedes-benz.coupe, 3, -41.083, -135.653, 0.129, -3.118, -5.217, -0.136, 0.000, 5.219, 13.700, 302.527, 0.000
0, 0, 1, 264, vehicle.mercedes-benz.coupe, 3, -29.504, -135.367, 0.129, -3.122, -5.219, -0.087, 0.000, 5.220, 13.800, 302.627, 0.000
0, 0, 2, 265, vehicle.mercedes-benz.coupe, 3, -41.605, -135.664, 0.129, -3.119, -5.218, -0.089, 0.000, 5.219, 13.800, 302.627, 0.000
0, 0, 1, 264, vehicle.mercedes-benz.coupe, 3, -30.026, -135.374, 0.129, -3.124, -5.220, -0.057, 0.000, 5.220, 13.900, 302.727, 0.000
0, 0, 2, 265, vehicle.mercedes-benz.coupe, 3, -42.127, -135.673, 0.129, -3.121, -5.219, -0.082, 0.000, 5.220, 13.900, 302.727, 0.000
0, 0, 1, 264, vehicle.mercedes-benz.coupe, 3, -30.548, -135.381, 0.129, -3.126, -5.220, -0.052, -0.000, 5.220, 14.000, 302.827, 0.000
0, 0, 2, 265, vehicle.mercedes-benz.coupe, 3, -42.649, -135.679, 0.129, -3.123, -5.219, -0.051, 0.000, 5.220, 14.000, 302.827, 0.000
0, 0, 1, 264, vehicle.mercedes-benz.coupe, 3, -31.070, -135.385, 0.129, -3.128, -5.220, -0.034, -0.000, 5.220, 14.100, 302.927, 0.000
0, 0, 2, 265, vehicle.mercedes-benz.coupe, 3, -43.171, -135.685, 0.129, -3.126, -5.220, -0.035, -0.000, 5.220, 14.100, 302.927, 0.000
0, 0, 1, 264, vehicle.mercedes-benz.coupe, 3, -31.592, -135.389, 0.129, -3.130, -5.220, -0.030, 0.000, 5.220, 14.200, 303.027, 0.000
0, 0, 2, 265, vehicle.mercedes-benz.coupe, 3, -43.693, -135.688, 0.129, -3.129, -5.220, -0.027, -0.000, 5.220, 14.200, 303.027, 0.000
0, 0, 1, 264, vehicle.mercedes-benz.coupe, 3, -32.114, -135.392, 0.129, -3.132, -5.220, -0.019, 0.000, 5.220, 14.300, 303.127, 0.000
0, 0, 2, 265, vehicle.mercedes-benz.coupe, 3, -44.215, -135.695, 0.129, -3.128, -5.214, -0.144, 0.000, 5.216, 14.300, 303.127, 0.000
0, 0, 1, 264, vehicle.mercedes-benz.coupe, 3, -32.636, -135.394, 0.129, -3.134, -5.220, -0.017, -0.000, 5.220, 14.400, 303.227, 0.000
0, 0, 2, 265, vehicle.mercedes-benz.coupe, 3, -44.736, -135.712, 0.129, -3.122, -5.213, -0.204, 0.000, 5.217, 14.400, 303.227, 0.000
0, 0, 1, 264, vehicle.mercedes-benz.coupe, 3, -33.158, -135.396, 0.129, -3.135, -5.220, -0.010, 0.000, 5.220, 14.500, 303.327, 0.000
0, 0, 2, 265, vehicle.mercedes-benz.coupe, 3, -45.257, -135.729, 0.129, -3.117, -5.215, -0.164, 0.000, 5.218, 14.500, 303.327, 0.000
0, 0, 1, 264, vehicle.mercedes-benz.coupe, 3, -33.680, -135.397, 0.129, -3.136, -5.220, -0.007, -0.000, 5.220, 14.600, 303.427, 0.000
0, 0, 2, 265, vehicle.mercedes-benz.coupe, 3, -45.779, -135.744, 0.129, -3.117, -5.217, -0.142, -0.000, 5.219, 14.600, 303.427, 0.000
0, 0, 1, 264, vehicle.mercedes-benz.coupe, 3, -34.202, -135.398, 0.129, -3.138, -5.220, -0.005, -0.000, 5.220, 14.700, 303.527, 0.000
0, 0, 2, 265, vehicle.mercedes-benz.coupe, 3, -46.301, -135.757, 0.129, -3.117, -5.218, -0.104, -0.000, 5.219, 14.700, 303.527, 0.000
0, 0, 1, 264, vehicle.mercedes-benz.coupe, 3, -34.723, -135.399, 0.129, -3.138, -5.175, -0.014, -0.000, 5.175, 14.800, 303.627, 0.000
0, 0, 2, 265, vehicle.mercedes-benz.coupe, 3, -46.823, -135.766, 0.129, -3.119, -5.219, -0.086, -0.000, 5.219, 14.800, 303.627, 0.000
0, 0, 1, 264, vehicle.mercedes-benz.coupe, 3, -35.219, -135.401, 0.129, -3.138, -4.713, -0.016, -0.004, 4.713, 14.900, 303.727, 0.000
0, 0, 2, 265, vehicle.mercedes-benz.coupe, 3, -47.344, -135.775, 0.129, -3.121, -5.219, -0.061, 0.000, 5.220, 14.900, 303.727, 0.000
0, 0, 1, 264, vehicle.mercedes-benz.coupe, 3, -35.643, -135.402, 0.130, -3.138, -3.785, -0.013, -0.000, 3.785, 15.000, 303.827, 0.000
0, 0, 2, 265, vehicle.mercedes-benz.coupe, 3, -47.866, -135.781, 0.129, -3.124, -5.220, -0.050, 0.000, 5.220, 15.000, 303.827, 0.000
0, 0, 1, 264, vehicle.mercedes-benz.coupe, 3, -35.962, -135.403, 0.130, -3.138, -2.716, -0.009, 0.001, 2.716, 15.100, 303.927, 0.000
0, 0, 2, 265, vehicle.mercedes-benz.coupe, 3, -48.388, -135.786, 0.129, -3.126, -5.220, -0.034, 0.000, 5.220, 15.100, 303.927, 0.000
0, 0, 1, 264, vehicle.mercedes-benz.coupe, 3, -36.175, -135.404, 0.130, -3.138, -1.649, -0.006, 0.000, 1.649, 15.200, 304.027, 0.000
0, 0, 2, 265, vehicle.mercedes-benz.coupe, 3, -48.910, -135.790, 0.129, -3.129, -5.220, -0.027, 0.000, 5.220, 15.200, 304.027, 0.000
0, 0, 1, 264, vehicle.mercedes-benz.coupe, 3, -36.281, -135.404, 0.130, -3.138, -0.582, -0.002, 0.000, 0.582, 15.300, 304.127, 0.000
0, 0, 2, 265, vehicle.mercedes-benz.coupe, 3, -49.432, -135.803, 0.129, -3.124, -5.213, -0.184, -0.000, 5.216, 15.300, 304.127, 0.000
0, 0, 1, 264, vehicle.mercedes-benz.coupe, 3, -36.293, -135.404, 0.130, -3.138, 0.001, -0.000, 0.000, 0.001, 15.400, 304.227, 0.000
0, 0, 2, 265, vehicle.mercedes-benz.coupe, 3, -49.953, -135.821, 0.129, -3.119, -5.213, -0.208, -0.000, 5.217, 15.400, 304.227, 0.000
0, 0, 1, 264, vehicle.mercedes-benz.coupe, 3, -36.294, -135.404, 0.130, -3.138, 0.001, 0.000, 0.000, 0.001, 15.500, 304.327, 0.000
0, 0, 2, 265, vehicle.mercedes-benz.coupe, 3, -50.475, -135.836, 0.129, -3.117, -5.216, -0.146, 0.000, 5.218, 15.500, 304.327, 0.000
0, 0, 1, 264, vehicle.mercedes-benz.coupe, 3, -36.294, -135.404, 0.130, -3.138, 0.001, 0.000, 0.000, 0.001, 15.600, 304.427, 0.000
0, 0, 2, 265, vehicle.mercedes-benz.coupe, 3, -50.996, -135.850, 0.129, -3.116, -5.217, -0.138, 0.000, 5.219, 15.600, 304.427, 0.000
0, 0, 1, 264, vehicle.mercedes-benz.coupe, 3, -36.294, -135.404, 0.129, -3.138, 0.000, 0.000, -0.000, 0.000, 15.700, 304.527, 0.000
0, 0, 2, 265, vehicle.mercedes-benz.coupe, 3, -51.518, -135.861, 0.129, -3.118, -5.218, -0.094, 0.000, 5.219, 15.700, 304.527, 0.000
0, 0, 1, 264, vehicle.mercedes-benz.coupe, 3, -36.294, -135.404, 0.129, -3.138, 0.000, 0.000, -0.000, 0.000, 15.800, 304.627, 0.000
0, 0, 2, 265, vehicle.mercedes-benz.coupe, 3, -52.040, -135.871, 0.129, -3.120, -5.219, -0.087, -0.000, 5.220, 15.800, 304.627, 0.000
0, 0, 1, 264, vehicle.mercedes-benz.coupe, 3, -36.294, -135.404, 0.129, -3.138, 0.000, 0.000, -0.000, 0.000, 15.900, 304.727, 0.000
0, 0, 2, 265, vehicle.mercedes-benz.coupe, 3, -52.562, -135.878, 0.129, -3.122, -5.219, -0.055, -0.000, 5.220, 15.900, 304.727, 0.000
0, 0, 1, 264, vehicle.mercedes-benz.coupe, 3, -36.294, -135.404, 0.129, -3.138, 0.000, 0.000, 0.000, 0.000, 16.000, 304.827, 0.000
0, 0, 2, 265, vehicle.mercedes-benz.coupe, 3, -53.084, -135.884, 0.129, -3.125, -5.220, -0.037, 0.000, 5.220, 16.000, 304.827, 0.000
0, 0, 1, 264, vehicle.mercedes-benz.coupe, 3, -36.294, -135.404, 0.129, -3.138, 0.000, 0.000, 0.000, 0.000, 16.100, 304.927, 0.000
0, 0, 2, 265, vehicle.mercedes-benz.coupe, 3, -53.606, -135.888, 0.129, -3.128, -5.220, -0.030, 0.000, 5.220, 16.100, 304.927, 0.000
0, 0, 1, 264, vehicle.mercedes-benz.coupe, 3, -36.294, -135.404, 0.129, -3.138, 0.000, 0.000, 0.000, 0.000, 16.200, 305.027, 0.000
0, 0, 2, 265, vehicle.mercedes-benz.coupe, 3, -54.128, -135.895, 0.129, -3.127, -5.214, -0.146, -0.000, 5.216, 16.200, 305.027, 0.000
0, 0, 1, 264, vehicle.mercedes-benz.coupe, 3, -36.294, -135.404, 0.129, -3.138, 0.000, 0.000, 0.000, 0.000, 16.300, 305.127, 0.000
0, 0, 2, 265, vehicle.mercedes-benz.coupe, 3, -54.649, -135.912, 0.129, -3.121, -5.213, -0.205, -0.000, 5.217, 16.300, 305.127, 0.000
0, 0, 1, 264, vehicle.mercedes-benz.coupe, 3, -36.294, -135.404, 0.129, -3.138, 0.000, 0.000, 0.000, 0.000, 16.400, 305.227, 0.000
0, 0, 2, 265, vehicle.mercedes-benz.coupe, 3, -55.170, -135.930, 0.129, -3.117, -5.215, -0.165, 0.000, 5.218, 16.400, 305.227, 0.000
0, 0, 1, 264, vehicle.mercedes-benz.coupe, 3, -36.294, -135.404, 0.129, -3.138, 0.000, 0.000, 0.000, 0.000, 16.500, 305.327, 0.000
0, 0, 2, 265, vehicle.mercedes-benz.coupe, 3, -55.692, -135.944, 0.129, -3.116, -5.217, -0.142, 0.000, 5.219, 16.500, 305.327, 0.000
0, 0, 1, 264, vehicle.mercedes-benz.coupe, 3, -36.294, -135.404, 0.129, -3.138, 0.000, 0.000, 0.000, 0.000, 16.600, 305.427, 0.000
0, 0, 2, 265, vehicle.mercedes-benz.coupe, 3, -56.214, -135.957, 0.129, -3.117, -5.218, -0.104, -0.000, 5.219, 16.600, 305.427, 0.000
0, 0, 1, 264, vehicle.mercedes-benz.coupe, 3, -36.294, -135.404, 0.129, -3.138, 0.000, 0.000, 0.000, 0.000, 16.700, 305.527, 0.000
0, 0, 2, 265, vehicle.mercedes-benz.coupe, 3, -56.736, -135.967, 0.129, -3.119, -5.219, -0.086, -0.000, 5.219, 16.700, 305.527, 0.000
0, 0, 1, 264, vehicle.mercedes-benz.coupe, 3, -36.294, -135.404, 0.129, -3.138, 0.000, 0.000, 0.000, 0.000, 16.800, 305.627, 0.000
0, 0, 2, 265, vehicle.mercedes-benz.coupe, 3, -57.257, -135.975, 0.129, -3.121, -5.219, -0.061, -0.000, 5.220, 16.800, 305.627, 0.000
0, 0, 1, 264, vehicle.mercedes-benz.coupe, 3, -36.294, -135.404, 0.129, -3.138, 0.000, 0.000, 0.000, 0.000, 16.900, 305.727, 0.000
0, 0, 2, 265, vehicle.mercedes-benz.coupe, 3, -57.779, -135.981, 0.129, -3.124, -5.220, -0.050, -0.000, 5.220, 16.900, 305.727, 0.000
0, 0, 1, 264, vehicle.mercedes-benz.coupe, 3, -36.294, -135.404, 0.129, -3.138, 0.000, 0.000, 0.000, 0.000, 17.000, 305.827, 0.000
0, 0, 2, 265, vehicle.mercedes-benz.coupe, 3, -58.301, -135.987, 0.129, -3.126, -5.220, -0.034, -0.000, 5.220, 17.000, 305.827, 0.000
0, 0, 1, 264, vehicle.mercedes-benz.coupe, 3, -36.294, -135.404, 0.129, -3.138, 0.000, 0.000, 0.000, 0.000, 17.100, 305.927, 0.000
0, 0, 2, 265, vehicle.mercedes-benz.coupe, 3, -58.823, -135.990, 0.129, -3.129, -5.220, -0.027, 0.000, 5.220, 17.100, 305.927, 0.000
0, 0, 1, 264, vehicle.mercedes-benz.coupe, 3, -36.294, -135.404, 0.129, -3.138, 0.000, 0.000, 0.000, 0.000, 17.200, 306.027, 0.000
0, 0, 2, 265, vehicle.mercedes-benz.coupe, 3, -59.345, -136.003, 0.129, -3.124, -5.213, -0.184, -0.000, 5.216, 17.200, 306.027, 0.000
0, 0, 1, 264, vehicle.mercedes-benz.coupe, 3, -36.294, -135.404, 0.129, -3.138, 0.000, 0.000, 0.000, 0.000, 17.300, 306.127, 0.000
0, 0, 2, 265, vehicle.mercedes-benz.coupe, 3, -59.866, -136.021, 0.129, -3.118, -5.213, -0.209, 0.000, 5.217, 17.300, 306.127, 0.000
0, 0, 1, 264, vehicle.mercedes-benz.coupe, 3, -36.294, -135.404, 0.129, -3.138, 0.000, 0.000, 0.000, 0.000, 17.400, 306.227, 0.000
0, 0, 2, 265, vehicle.mercedes-benz.coupe, 3, -60.388, -136.037, 0.129, -3.117, -5.216, -0.146, 0.000, 5.218, 17.400, 306.227, 0.000
0, 0, 1, 264, vehicle.mercedes-benz.coupe, 3, -36.294, -135.404, 0.129, -3.138, 0.000, 0.000, 0.000, 0.000, 17.500, 306.327, 0.000
0, 0, 2, 265, vehicle.mercedes-benz.coupe, 3, -60.909, -136.051, 0.129, -3.116, -5.217, -0.138, -0.000, 5.219, 17.500, 306.327, 0.000
0, 0, 1, 264, vehicle.mercedes-benz.coupe, 3, -36.294, -135.404, 0.129, -3.138, 0.000, 0.000, 0.000, 0.000, 17.600, 306.427, 0.000
0, 0, 2, 265, vehicle.mercedes-benz.coupe, 3, -61.423, -136.064, 0.129, -3.116, -5.002, -0.127, 0.000, 5.004, 17.600, 306.427, 0.000
0, 0, 1, 264, vehicle.mercedes-benz.coupe, 3, -36.294, -135.404, 0.129, -3.138, 0.000, 0.000, 0.000, 0.000, 17.700, 306.527, 0.000
0, 0, 2, 265, vehicle.mercedes-benz.coupe, 3, -61.889, -136.075, 0.129, -3.116, -4.317, -0.109, -0.001, 4.318, 17.700, 306.527, 0.000
0, 0, 1, 264, vehicle.mercedes-benz.coupe, 3, -36.294, -135.404, 0.129, -3.138, 0.000, 0.000, 0.000, 0.000, 17.800, 306.627, 0.000
0, 0, 2, 265, vehicle.mercedes-benz.coupe, 3, -62.261, -136.085, 0.130, -3.116, -3.249, -0.082, 0.000, 3.251, 17.800, 306.627, 0.000
0, 0, 1, 264, vehicle.mercedes-benz.coupe, 3, -36.294, -135.404, 0.129, -3.138, 0.000, 0.000, 0.000, 0.000, 17.900, 306.727, 0.000
0, 0, 2, 265, vehicle.mercedes-benz.coupe, 3, -62.527, -136.092, 0.130, -3.116, -2.182, -0.055, 0.001, 2.183, 17.900, 306.727, 0.000
0, 0, 1, 264, vehicle.mercedes-benz.coupe, 3, -36.294, -135.404, 0.129, -3.138, 0.000, 0.000, 0.000, 0.000, 18.000, 306.827, 0.000
0, 0, 2, 265, vehicle.mercedes-benz.coupe, 3, -62.687, -136.096, 0.130, -3.116, -1.115, -0.028, 0.000, 1.115, 18.000, 306.827, 0.000
0, 0, 1, 264, vehicle.mercedes-benz.coupe, 3, -36.294, -135.404, 0.129, -3.138, 0.000, 0.000, 0.000, 0.000, 18.100, 306.927, 0.000
0, 0, 2, 265, vehicle.mercedes-benz.coupe, 3, -62.736, -136.097, 0.131, -3.117, -0.000, 0.000, 0.000, 0.000, 18.100, 306.927, 0.000
0, 0, 1, 264, vehicle.mercedes-benz.coupe, 3, -36.294, -135.404, 0.129, -3.138, 0.000, 0.000, 0.000, 0.000, 18.200, 307.027, 0.000
0, 0, 2, 265, vehicle.mercedes-benz.coupe, 3, -62.737, -136.097, 0.130, -3.117, 0.001, 0.000, 0.000, 0.001, 18.200, 307.027, 0.000
0, 0, 1, 264, vehicle.mercedes-benz.coupe, 3, -36.294, -135.404, 0.129, -3.138, 0.000, 0.000, 0.000, 0.000, 18.300, 307.127, 0.000
0, 0, 2, 265, vehicle.mercedes-benz.coupe, 3, -62.737, -136.097, 0.130, -3.117, 0.001, 0.000, 0.000, 0.001, 18.300, 307.127, 0.000
0, 0, 1, 264, vehicle.mercedes-benz.coupe, 3, -36.294, -135.404, 0.129, -3.138, 0.000, 0.000, 0.000, 0.000, 18.400, 307.227, 0.000
0, 0, 2, 265, vehicle.mercedes-benz.coupe, 3, -62.737, -136.097, 0.130, -3.117, 0.001, 0.000, -0.000, 0.001, 18.400, 307.227, 0.000
0, 0, 1, 264, vehicle.mercedes-benz.coupe, 3, -36.294, -135.404, 0.129, -3.138, 0.000, 0.000, 0.000, 0.000, 18.500, 307.327, 0.000
0, 0, 2, 265, vehicle.mercedes-benz.coupe, 3, -62.737, -136.097, 0.129, -3.117, 0.000, 0.000, -0.000, 0.000, 18.500, 307.327, 0.000
0, 0, 1, 264, vehicle.mercedes-benz.coupe, 3, -36.294, -135.404, 0.129, -3.138, 0.000, 0.000, 0.000, 0.000, 18.600, 307.427, 0.000
0, 0, 2, 265, vehicle.mercedes-benz.coupe, 3, -62.737, -136.097, 0.129, -3.117, 0.000, 0.000, 0.000, 0.000, 18.600, 307.427, 0.000
0, 0, 1, 264, vehicle.mercedes-benz.coupe, 3, -36.294, -135.404, 0.129, -3.138, 0.000, 0.000, 0.000, 0.000, 18.700, 307.527, 0.000
0, 0, 2, 265, vehicle.mercedes-benz.coupe, 3, -62.737, -136.097, 0.129, -3.117, 0.000, 0.000, 0.000, 0.000, 18.700, 307.527, 0.000
0, 0, 1, 264, vehicle.mercedes-benz.coupe, 3, -36.294, -135.404, 0.129, -3.138, 0.000, 0.000, 0.000, 0.000, 18.800, 307.627, 0.000
0, 0, 2, 265, vehicle.mercedes-benz.coupe, 3, -62.737, -136.097, 0.129, -3.117, 0.000, 0.000, 0.000, 0.000, 18.800, 307.627, 0.000
0, 0, 1, 264, vehicle.mercedes-benz.coupe, 3, -36.294, -135.404, 0.129, -3.138, 0.000, 0.000, 0.000, 0.000, 18.900, 307.727, 0.000
0, 0, 2, 265, vehicle.mercedes-benz.coupe, 3, -62.737, -136.097, 0.129, -3.117, 0.000, 0.000, 0.000, 0.000, 18.900, 307.727, 0.000
0, 0, 1, 264, vehicle.mercedes-benz.coupe, 3, -36.294, -135.404, 0.129, -3.138, 0.000, 0.000, 0.000, 0.000, 19.000, 307.827, 0.000
0, 0, 2, 265, vehicle.mercedes-benz.coupe, 3, -62.737, -136.097, 0.129, -3.117, 0.000, 0.000, 0.000, 0.000, 19.000, 307.827, 0.000
0, 0, 1, 264, vehicle.mercedes-benz.coupe, 3, -36.294, -135.404, 0.129, -3.138, 0.000, 0.000, 0.000, 0.000, 19.100, 307.927, 0.000
0, 0, 2, 265, vehicle.mercedes-benz.coupe, 3, -62.737, -136.097, 0.129, -3.117, 0.000, 0.000, 0.000, 0.000, 19.100, 307.927, 0.000
0, 0, 1, 264, vehicle.mercedes-benz.coupe, 3, -36.294, -135.404, 0.129, -3.138, 0.000, 0.000, 0.000, 0.000, 19.200, 308.027, 0.000
0, 0, 2, 265, vehicle.mercedes-benz.coupe, 3, -62.737, -136.097, 0.129, -3.117, 0.000, 0.000, 0.000, 0.000, 19.200, 308.027, 0.000
0, 0, 1, 264, vehicle.mercedes-benz.coupe, 3, -36.294, -135.404, 0.129, -3.138, 0.000, 0.000, 0.000, 0.000, 19.300, 308.127, 0.000
0, 0, 2, 265, vehicle.mercedes-benz.coupe, 3, -62.737, -136.097, 0.129, -3.117, 0.000, 0.000, 0.000, 0.000, 19.300, 308.127, 0.000
0, 0, 1, 264, vehicle.mercedes-benz.coupe, 3, -36.294, -135.404, 0.129, -3.138, 0.000, 0.000, 0.000, 0.000, 19.400, 308.227, 0.000
0, 0, 2, 265, vehicle.mercedes-benz.coupe, 3, -62.737, -136.097, 0.129, -3.117, 0.000, 0.000, 0.000, 0.000, 19.400, 308.227, 0.000
0, 0, 1, 264, vehicle.mercedes-benz.coupe, 3, -36.294, -135.404, 0.129, -3.138, 0.000, 0.000, 0.000, 0.000, 19.500, 308.327, 0.000
0, 0, 2, 265, vehicle.mercedes-benz.coupe, 3, -62.737, -136.097, 0.129, -3.117, 0.000, 0.000, 0.000, 0.000, 19.500, 308.327, 0.000
0, 0, 1, 264, vehicle.mercedes-benz.coupe, 3, -36.294, -135.404, 0.129, -3.138, 0.000, 0.000, 0.000, 0.000, 19.600, 308.427, 0.000
0, 0, 2, 265, vehicle.mercedes-benz.coupe, 3, -62.737, -136.097, 0.129, -3.117, 0.000, 0.000, 0.000, 0.000, 19.600, 308.427, 0.000
0, 0, 1, 264, vehicle.mercedes-benz.coupe, 3, -36.294, -135.404, 0.129, -3.138, 0.000, 0.000, 0.000, 0.000, 19.700, 308.527, 0.000
0, 0, 2, 265, vehicle.mercedes-benz.coupe, 3, -62.737, -136.097, 0.129, -3.117, 0.000, 0.000, 0.000, 0.000, 19.700, 308.527, 0.000
0, 0, 1, 264, vehicle.mercedes-benz.coupe, 3, -36.294, -135.404, 0.129, -3.138, 0.000, 0.000, 0.000, 0.000, 19.800, 308.627, 0.000
0, 0, 2, 265, vehicle.mercedes-benz.coupe, 3, -62.737, -136.097, 0.129, -3.117, 0.000, 0.000, 0.000, 0.000, 19.800, 308.627, 0.000
0, 0, 1, 264, vehicle.mercedes-benz.coupe, 3, -36.294, -135.404, 0.129, -3.138, 0.000, 0.000, 0.000, 0.000, 19.900, 308.727, 0.000
0, 0, 2, 265, vehicle.mercedes-benz.coupe, 3, -62.737, -136.097, 0.129, -3.117, 0.000, 0.000, 0.000, 0.000, 19.900, 308.727, 0.000
0, 0, 1, 264, vehicle.mercedes-benz.coupe, 3, -36.294, -135.404, 0.129, -3.138, 0.000, 0.000, 0.000, 0.000, 20.000, 308.827, 0.000
0, 0, 2, 265, vehicle.mercedes-benz.coupe, 3, -62.737, -136.097, 0.129, -3.117, 0.000, 0.000, 0.000, 0.000, 20.000, 308.827, 0.000
0, 0, 1, 264, vehicle.mercedes-benz.coupe, 3, -36.294, -135.404, 0.129, -3.138, 0.000, 0.000, 0.000, 0.000, 20.100, 308.927, 0.000
0, 0, 2, 265, vehicle.mercedes-benz.coupe, 3, -62.737, -136.097, 0.129, -3.117, 0.000, 0.000, 0.000, 0.000, 20.100, 308.927, 0.000
0, 0, 1, 264, vehicle.mercedes-benz.coupe, 3, -36.294, -135.404, 0.129, -3.138, 0.000, 0.000, 0.000, 0.000, 20.200, 309.027, 0.000
0, 0, 2, 265, vehicle.mercedes-benz.coupe, 3, -62.737, -136.097, 0.129, -3.117, 0.000, 0.000, 0.000, 0.000, 20.200, 309.027, 0.000
0, 0, 1, 264, vehicle.mercedes-benz.coupe, 3, -36.294, -135.404, 0.129, -3.138, 0.000, 0.000, 0.000, 0.000, 20.300, 309.127, 0.000
0, 0, 2, 265, vehicle.mercedes-benz.coupe, 3, -62.737, -136.097, 0.129, -3.117, 0.000, 0.000, 0.000, 0.000, 20.300, 309.127, 0.000
0, 0, 1, 264, vehicle.mercedes-benz.coupe, 3, -36.294, -135.404, 0.129, -3.138, 0.000, 0.000, 0.000, 0.000, 20.400, 309.227, 0.000
0, 0, 2, 265, vehicle.mercedes-benz.coupe, 3, -62.737, -136.097, 0.129, -3.117, 0.000, 0.000, 0.000, 0.000, 20.400, 309.227, 0.000
0, 0, 1, 264, vehicle.mercedes-benz.coupe, 3, -36.294, -135.404, 0.129, -3.138, 0.000, 0.000, 0.000, 0.000, 20.500, 309.327, 0.000
0, 0, 2, 265, vehicle.mercedes-benz.coupe, 3, -62.737, -136.097, 0.129, -3.117, 0.000, 0.000, 0.000, 0.000, 20.500, 309.327, 0.000
0, 0, 1, 264, vehicle.mercedes-benz.coupe, 3, -36.294, -135.404, 0.129, -3.138, 0.000, 0.000, 0.000, 0.000, 20.600, 309.427, 0.000
0, 0, 2, 265, vehicle.mercedes-benz.coupe, 3, -62.737, -136.097, 0.129, -3.117, 0.000, 0.000, 0.000, 0.000, 20.600, 309.427, 0.000
0, 0, 1, 264, vehicle.mercedes-benz.coupe, 3, -36.294, -135.404, 0.129, -3.138, 0.000, 0.000, 0.000, 0.000, 20.700, 309.527, 0.000
0, 0, 2, 265, vehicle.mercedes-benz.coupe, 3, -62.737, -136.097, 0.129, -3.117, 0.000, 0.000, 0.000, 0.000, 20.700, 309.527, 0.000
0, 0, 1, 264, vehicle.mercedes-benz.coupe, 3, -36.294, -135.404, 0.129, -3.138, 0.000, 0.000, 0.000, 0.000, 20.800, 309.627, 0.000
0, 0, 2, 265, vehicle.mercedes-benz.coupe, 3, -62.737, -136.097, 0.129, -3.117, 0.000, 0.000, 0.000, 0.000, 20.800, 309.627, 0.000
0, 0, 1, 264, vehicle.mercedes-benz.coupe, 3, -36.294, -135.404, 0.129, -3.138, 0.000, 0.000, 0.000, 0.000, 20.900, 309.727, 0.000
0, 0, 2, 265, vehicle.mercedes-benz.coupe, 3, -62.737, -136.097, 0.129, -3.117, 0.000, 0.000, 0.000, 0.000, 20.900, 309.727, 0.000
0, 0, 1, 264, vehicle.mercedes-benz.coupe, 3, -36.294, -135.404, 0.129, -3.138, 0.000, 0.000, 0.000, 0.000, 21.000, 309.827, 0.000
0, 0, 2, 265, vehicle.mercedes-benz.coupe, 3, -62.737, -136.097, 0.129, -3.117, 0.000, 0.000, 0.000, 0.000, 21.000, 309.827, 0.000
0, 0, 1, 264, vehicle.mercedes-benz.coupe, 3, -36.294, -135.404, 0.129, -3.138, 0.000, 0.000, 0.000, 0.000, 21.100, 309.927, 0.000
0, 0, 2, 265, vehicle.mercedes-benz.coupe, 3, -62.737, -136.097, 0.129, -3.117, 0.000, 0.000, 0.000, 0.000, 21.100, 309.927, 0.000
0, 0, 1, 264, vehicle.mercedes-benz.coupe, 3, -36.294, -135.404, 0.129, -3.138, 0.000, 0.000, 0.000, 0.000, 21.200, 310.027, 0.000
0, 0, 2, 265, vehicle.mercedes-benz.coupe, 3, -62.737, -136.097, 0.129, -3.117, 0.000, 0.000, 0.000, 0.000, 21.200, 310.027, 0.000
0, 0, 1, 264, vehicle.mercedes-benz.coupe, 3, -36.294, -135.404, 0.129, -3.138, 0.000, 0.000, 0.000, 0.000, 21.300, 310.127, 0.000
0, 0, 2, 265, vehicle.mercedes-benz.coupe, 3, -62.737, -136.097, 0.129, -3.117, 0.000, 0.000, 0.000, 0.000, 21.300, 310.127, 0.000
0, 0, 1, 264, vehicle.mercedes-benz.coupe, 3, -36.294, -135.404, 0.129, -3.138, 0.000, 0.000, 0.000, 0.000, 21.400, 310.227, 0.000
0, 0, 2, 265, vehicle.mercedes-benz.coupe, 3, -62.737, -136.097, 0.129, -3.117, 0.000, 0.000, 0.000, 0.000, 21.400, 310.227, 0.000
0, 0, 1, 264, vehicle.mercedes-benz.coupe, 3, -36.294, -135.404, 0.129, -3.138, 0.000, 0.000, 0.000, 0.000, 21.500, 310.327, 0.000
0, 0, 2, 265, vehicle.mercedes-benz.coupe, 3, -62.737, -136.097, 0.129, -3.117, 0.000, 0.000, 0.000, 0.000, 21.500, 310.327, 0.000
0, 0, 1, 264, vehicle.mercedes-benz.coupe, 3, -36.294, -135.404, 0.129, -3.138, 0.000, 0.000, 0.000, 0.000, 21.600, 310.427, 0.000
0, 0, 2, 265, vehicle.mercedes-benz.coupe, 3, -62.737, -136.097, 0.129, -3.117, 0.000, 0.000, 0.000, 0.000, 21.600, 310.427, 0.000
0, 0, 1, 264, vehicle.mercedes-benz.coupe, 3, -36.294, -135.404, 0.129, -3.138, 0.000, 0.000, 0.000, 0.000, 21.700, 310.527, 0.000
0, 0, 2, 265, vehicle.mercedes-benz.coupe, 3, -62.737, -136.097, 0.129, -3.117, 0.000, 0.000, 0.000, 0.000, 21.700, 310.527, 0.000
0, 0, 1, 264, vehicle.mercedes-benz.coupe, 3, -36.294, -135.404, 0.129, -3.138, 0.000, 0.000, 0.000, 0.000, 21.800, 310.627, 0.000
0, 0, 2, 265, vehicle.mercedes-benz.coupe, 3, -62.737, -136.097, 0.129, -3.117, 0.000, 0.000, 0.000, 0.000, 21.800, 310.627, 0.000
0, 0, 1, 264, vehicle.mercedes-benz.coupe, 3, -36.294, -135.404, 0.129, -3.138, 0.000, 0.000, 0.000, 0.000, 21.900, 310.727, 0.000
0, 0, 2, 265, vehicle.mercedes-benz.coupe, 3, -62.737, -136.097, 0.129, -3.117, 0.000, 0.000, 0.000, 0.000, 21.900, 310.727, 0.000
0, 0, 1, 264, vehicle.mercedes-benz.coupe, 3, -36.294, -135.404, 0.129, -3.138, 0.000, 0.000, 0.000, 0.000, 22.000, 310.827, 0.000
0, 0, 2, 265, vehicle.mercedes-benz.coupe, 3, -62.737, -136.097, 0.129, -3.117, 0.000, 0.000, 0.000, 0.000, 22.000, 310.827, 0.000
0, 0, 1, 264, vehicle.mercedes-benz.coupe, 3, -36.294, -135.404, 0.129, -3.138, 0.000, 0.000, 0.000, 0.000, 22.100, 310.927, 0.000
0, 0, 2, 265, vehicle.mercedes-benz.coupe, 3, -62.737, -136.097, 0.129, -3.117, 0.000, 0.000, 0.000, 0.000, 22.100, 310.927, 0.000
0, 0, 1, 264, vehicle.mercedes-benz.coupe, 3, -36.294, -135.404, 0.129, -3.138, 0.000, 0.000, 0.000, 0.000, 22.200, 311.027, 0.000
0, 0, 2, 265, vehicle.mercedes-benz.coupe, 3, -62.737, -136.097, 0.129, -3.117, 0.000, 0.000, 0.000, 0.000, 22.200, 311.027, 0.000
0, 0, 1, 264, vehicle.mercedes-benz.coupe, 3, -36.294, -135.404, 0.129, -3.138, 0.000, 0.000, 0.000, 0.000, 22.300, 311.127, 0.000
0, 0, 2, 265, vehicle.mercedes-benz.coupe, 3, -62.737, -136.097, 0.129, -3.117, 0.000, 0.000, 0.000, 0.000, 22.300, 311.127, 0.000
0, 0, 1, 264, vehicle.mercedes-benz.coupe, 3, -36.294, -135.404, 0.129, -3.138, 0.000, 0.000, 0.000, 0.000, 22.400, 311.227, 0.000
0, 0, 2, 265, vehicle.mercedes-benz.coupe, 3, -62.737, -136.097, 0.129, -3.117, 0.000, 0.000, 0.000, 0.000, 22.400, 311.227, 0.000
0, 0, 1, 264, vehicle.mercedes-benz.coupe, 3, -36.294, -135.404, 0.129, -3.138, 0.000, 0.000, 0.000, 0.000, 22.500, 311.327, 0.000
0, 0, 2, 265, vehicle.mercedes-benz.coupe, 3, -62.737, -136.097, 0.129, -3.117, 0.000, 0.000, 0.000, 0.000, 22.500, 311.327, 0.000
0, 0, 1, 264, vehicle.mercedes-benz.coupe, 3, -36.294, -135.404, 0.129, -3.138, 0.000, 0.000, 0.000, 0.000, 22.600, 311.427, 0.000
0, 0, 2, 265, vehicle.mercedes-benz.coupe, 3, -62.737, -136.097, 0.129, -3.117, 0.000, 0.000, 0.000, 0.000, 22.600, 311.427, 0.000
0, 0, 1, 264, vehicle.mercedes-benz.coupe, 3, -36.294, -135.404, 0.129, -3.138, 0.000, 0.000, 0.000, 0.000, 22.700, 311.527, 0.000
0, 0, 2, 265, vehicle.mercedes-benz.coupe, 3, -62.737, -136.097, 0.129, -3.117, 0.000, 0.000, 0.000, 0.000, 22.700, 311.527, 0.000
0, 0, 1, 264, vehicle.mercedes-benz.coupe, 3, -36.294, -135.404, 0.129, -3.138, 0.000, 0.000, 0.000, 0.000, 22.800, 311.627, 0.000
0, 0, 2, 265, vehicle.mercedes-benz.coupe, 3, -62.737, -136.097, 0.129, -3.117, 0.000, 0.000, 0.000, 0.000, 22.800, 311.627, 0.000
0, 0, 1, 264, vehicle.mercedes-benz.coupe, 3, -36.294, -135.404, 0.129, -3.138, 0.000, 0.000, 0.000, 0.000, 22.900, 311.727, 0.000
0, 0, 2, 265, vehicle.mercedes-benz.coupe, 3, -62.737, -136.097, 0.129, -3.117, 0.000, 0.000, 0.000, 0.000, 22.900, 311.727, 0.000
0, 0, 1, 264, vehicle.mercedes-benz.coupe, 3, -36.294, -135.404, 0.129, -3.138, 0.000, 0.000, 0.000, 0.000, 23.000, 311.827, 0.000
0, 0, 2, 265, vehicle.mercedes-benz.coupe, 3, -62.737, -136.097, 0.129, -3.117, 0.000, 0.000, 0.000, 0.000, 23.000, 311.827, 0.000
0, 0, 1, 264, vehicle.mercedes-benz.coupe, 3, -36.294, -135.404, 0.129, -3.138, 0.000, 0.000, 0.000, 0.000, 23.100, 311.927, 0.000
0, 0, 2, 265, vehicle.mercedes-benz.coupe, 3, -62.737, -136.097, 0.129, -3.117, 0.000, 0.000, 0.000, 0.000, 23.100, 311.927, 0.000
0, 0, 1, 264, vehicle.mercedes-benz.coupe, 3, -36.294, -135.404, 0.129, -3.138, 0.000, 0.000, 0.000, 0.000, 23.200, 312.027, 0.000
0, 0, 2, 265, vehicle.mercedes-benz.coupe, 3, -62.737, -136.097, 0.129, -3.117, 0.000, 0.000, 0.000, 0.000, 23.200, 312.027, 0.000
0, 0, 1, 264, vehicle.mercedes-benz.coupe, 3, -36.294, -135.404, 0.129, -3.138, 0.000, 0.000, 0.000, 0.000, 23.300, 312.127, 0.000
0, 0, 2, 265, vehicle.mercedes-benz.coupe, 3, -62.737, -136.097, 0.129, -3.117, 0.000, 0.000, 0.000, 0.000, 23.300, 312.127, 0.000
0, 0, 1, 264, vehicle.mercedes-benz.coupe, 3, -36.294, -135.404, 0.129, -3.138, 0.000, 0.000, 0.000, 0.000, 23.400, 312.227, 0.000
0, 0, 2, 265, vehicle.mercedes-benz.coupe, 3, -62.737, -136.097, 0.129, -3.117, 0.000, 0.000, 0.000, 0.000, 23.400, 312.227, 0.000
0, 0, 1, 264, vehicle.mercedes-benz.coupe, 3, -36.294, -135.404, 0.129, -3.138, 0.000, 0.000, 0.000, 0.000, 23.500, 312.327, 0.000
0, 0, 2, 265, vehicle.mercedes-benz.coupe, 3, -62.737, -136.097, 0.129, -3.117, 0.000, 0.000, 0.000, 0.000, 23.500, 312.327, 0.000
0, 0, 1, 264, vehicle.mercedes-benz.coupe, 3, -36.294, -135.404, 0.129, -3.138, 0.000, 0.000, 0.000, 0.000, 23.600, 312.427, 0.000
0, 0, 2, 265, vehicle.mercedes-benz.coupe, 3, -62.737, -136.097, 0.129, -3.117, 0.000, 0.000, 0.000, 0.000, 23.600, 312.427, 0.000
0, 0, 1, 264, vehicle.mercedes-benz.coupe, 3, -36.294, -135.404, 0.129, -3.138, 0.000, 0.000, 0.000, 0.000, 23.700, 312.527, 0.000
0, 0, 2, 265, vehicle.mercedes-benz.coupe, 3, -62.737, -136.097, 0.129, -3.117, 0.000, 0.000, 0.000, 0.000, 23.700, 312.527, 0.000
0, 0, 1, 264, vehicle.mercedes-benz.coupe, 3, -36.294, -135.404, 0.129, -3.138, 0.000, 0.000, 0.000, 0.000, 23.800, 312.627, 0.000
0, 0, 2, 265, vehicle.mercedes-benz.coupe, 3, -62.737, -136.097, 0.129, -3.117, 0.000, 0.000, 0.000, 0.000, 23.800, 312.627, 0.000
0, 0, 1, 264, vehicle.mercedes-benz.coupe, 3, -36.294, -135.404, 0.129, -3.138, 0.000, 0.000, 0.000, 0.000, 23.900, 312.727, 0.000
0, 0, 2, 265, vehicle.mercedes-benz.coupe, 3, -62.737, -136.097, 0.129, -3.117, 0.000, 0.000, 0.000, 0.000, 23.900, 312.727, 0.000
0, 0, 1, 264, vehicle.mercedes-benz.coupe, 3, -36.294, -135.404, 0.129, -3.138, 0.000, 0.000, 0.000, 0.000, 24.000, 312.827, 0.000
0, 0, 2, 265, vehicle.mercedes-benz.coupe, 3, -62.737, -136.097, 0.129, -3.117, 0.000, 0.000, 0.000, 0.000, 24.000, 312.827, 0.000
0, 0, 1, 264, vehicle.mercedes-benz.coupe, 3, -36.294, -135.404, 0.129, -3.138, 0.000, 0.000, 0.000, 0.000, 24.100, 312.927, 0.000
0, 0, 2, 265, vehicle.mercedes-benz.coupe, 3, -62.737, -136.097, 0.129, -3.117, 0.000, 0.000, 0.000, 0.000, 24.100, 312.927, 0.000
0, 0, 1, 264, vehicle.mercedes-benz.coupe, 3, -36.294, -135.404, 0.129, -3.138, 0.000, 0.000, 0.000, 0.000, 24.200, 313.027, 0.000
0, 0, 2, 265, vehicle.mercedes-benz.coupe, 3, -62.737, -136.097, 0.129, -3.117, 0.000, 0.000, 0.000, 0.000, 24.200, 313.027, 0.000
0, 0, 1, 264, vehicle.mercedes-benz.coupe, 3, -36.294, -135.404, 0.129, -3.138, 0.000, 0.000, 0.000, 0.000, 24.300, 313.127, 0.000
0, 0, 2, 265, vehicle.mercedes-benz.coupe, 3, -62.737, -136.097, 0.129, -3.117, 0.000, 0.000, 0.000, 0.000, 24.300, 313.127, 0.000
0, 0, 1, 264, vehicle.mercedes-benz.coupe, 3, -36.294, -135.404, 0.129, -3.138, 0.000, 0.000, 0.000, 0.000, 24.400, 313.227, 0.000
0, 0, 2, 265, vehicle.mercedes-benz.coupe, 3, -62.737, -136.097, 0.129, -3.117, 0.000, 0.000, 0.000, 0.000, 24.400, 313.227, 0.000
0, 0, 1, 264, vehicle.mercedes-benz.coupe, 3, -36.294, -135.404, 0.129, -3.138, 0.000, 0.000, 0.000, 0.000, 24.500, 313.327, 0.000
0, 0, 2, 265, vehicle.mercedes-benz.coupe, 3, -62.737, -136.097, 0.129, -3.117, 0.000, 0.000, 0.000, 0.000, 24.500, 313.327, 0.000
0, 0, 1, 264, vehicle.mercedes-benz.coupe, 3, -36.294, -135.404, 0.129, -3.138, 0.000, 0.000, 0.000, 0.000, 24.600, 313.427, 0.000
0, 0, 2, 265, vehicle.mercedes-benz.coupe, 3, -62.737, -136.097, 0.129, -3.117, 0.000, 0.000, 0.000, 0.000, 24.600, 313.427, 0.000
0, 0, 1, 264, vehicle.mercedes-benz.coupe, 3, -36.294, -135.404, 0.129, -3.138, 0.000, 0.000, 0.000, 0.000, 24.700, 313.527, 0.000
0, 0, 2, 265, vehicle.mercedes-benz.coupe, 3, -62.737, -136.097, 0.129, -3.117, 0.000, 0.000, 0.000, 0.000, 24.700, 313.527, 0.000
0, 0, 1, 264, vehicle.mercedes-benz.coupe, 3, -36.294, -135.404, 0.129, -3.138, 0.000, 0.000, 0.000, 0.000, 24.800, 313.627, 0.000
0, 0, 2, 265, vehicle.mercedes-benz.coupe, 3, -62.737, -136.097, 0.129, -3.117, 0.000, 0.000, 0.000, 0.000, 24.800, 313.627, 0.000
0, 0, 1, 264, vehicle.mercedes-benz.coupe, 3, -36.294, -135.404, 0.129, -3.138, 0.000, 0.000, 0.000, 0.000, 24.900, 313.727, 0.000
0, 0, 2, 265, vehicle.mercedes-benz.coupe, 3, -62.737, -136.097, 0.129, -3.117, 0.000, 0.000, 0.000, 0.000, 24.900, 313.727, 0.000
0, 0, 1, 264, vehicle.mercedes-benz.coupe, 3, -36.294, -135.404, 0.129, -3.138, 0.000, 0.000, 0.000, 0.000, 25.000, 313.827, 0.000
0, 0, 2, 265, vehicle.mercedes-benz.coupe, 3, -62.737, -136.097, 0.129, -3.117, 0.000, 0.000, 0.000, 0.000, 25.000, 313.827, 0.000
0, 0, 1, 264, vehicle.mercedes-benz.coupe, 3, -36.294, -135.404, 0.129, -3.138, 0.000, 0.000, 0.000, 0.000, 25.100, 313.927, 0.000
0, 0, 2, 265, vehicle.mercedes-benz.coupe, 3, -62.737, -136.097, 0.129, -3.117, 0.000, 0.000, 0.000, 0.000, 25.100, 313.927, 0.000
0, 0, 1, 264, vehicle.mercedes-benz.coupe, 3, -36.294, -135.404, 0.129, -3.138, 0.000, 0.000, 0.000, 0.000, 25.200, 314.027, 0.000
0, 0, 2, 265, vehicle.mercedes-benz.coupe, 3, -62.737, -136.097, 0.129, -3.117, 0.000, 0.000, 0.000, 0.000, 25.200, 314.027, 0.000
0, 0, 1, 264, vehicle.mercedes-benz.coupe, 3, -36.294, -135.404, 0.129, -3.138, 0.000, 0.000, 0.000, 0.000, 25.300, 314.127, 0.000
0, 0, 2, 265, vehicle.mercedes-benz.coupe, 3, -62.737, -136.097, 0.129, -3.117, 0.000, 0.000, 0.000, 0.000, 25.300, 314.127, 0.000
0, 0, 1, 264, vehicle.mercedes-benz.coupe, 3, -36.294, -135.404, 0.129, -3.138, 0.000, 0.000, 0.000, 0.000, 25.400, 314.227, 0.000
0, 0, 2, 265, vehicle.mercedes-benz.coupe, 3, -62.737, -136.097, 0.129, -3.117, 0.000, 0.000, 0.000, 0.000, 25.400, 314.227, 0.000
0, 0, 1, 264, vehicle.mercedes-benz.coupe, 3, -36.294, -135.404, 0.129, -3.138, 0.000, 0.000, 0.000, 0.000, 25.500, 314.327, 0.000
0, 0, 2, 265, vehicle.mercedes-benz.coupe, 3, -62.737, -136.097, 0.129, -3.117, 0.000, 0.000, 0.000, 0.000, 25.500, 314.327, 0.000
0, 0, 1, 264, vehicle.mercedes-benz.coupe, 3, -36.294, -135.404, 0.129, -3.138, 0.000, 0.000, 0.000, 0.000, 25.600, 314.427, 0.000
0, 0, 2, 265, vehicle.mercedes-benz.coupe, 3, -62.737, -136.097, 0.129, -3.117, 0.000, 0.000, 0.000, 0.000, 25.600, 314.427, 0.000
0, 0, 1, 264, vehicle.mercedes-benz.coupe, 3, -36.294, -135.404, 0.129, -3.138, 0.000, 0.000, 0.000, 0.000, 25.700, 314.527, 0.000
0, 0, 2, 265, vehicle.mercedes-benz.coupe, 3, -62.737, -136.097, 0.129, -3.117, 0.000, 0.000, 0.000, 0.000, 25.700, 314.527, 0.000
0, 0, 1, 264, vehicle.mercedes-benz.coupe, 3, -36.294, -135.404, 0.129, -3.138, 0.000, 0.000, 0.000, 0.000, 25.800, 314.627, 0.000
0, 0, 2, 265, vehicle.mercedes-benz.coupe, 3, -62.737, -136.097, 0.129, -3.117, 0.000, 0.000, 0.000, 0.000, 25.800, 314.627, 0.000
0, 0, 1, 264, vehicle.mercedes-benz.coupe, 3, -36.294, -135.404, 0.129, -3.138, 0.000, 0.000, 0.000, 0.000, 25.900, 314.727, 0.000
0, 0, 2, 265, vehicle.mercedes-benz.coupe, 3, -62.737, -136.097, 0.129, -3.117, 0.000, 0.000, 0.000, 0.000, 25.900, 314.727, 0.000
0, 0, 1, 264, vehicle.mercedes-benz.coupe, 3, -36.294, -135.404, 0.129, -3.138, 0.000, 0.000, 0.000, 0.000, 26.000, 314.827, 0.000
0, 0, 2, 265, vehicle.mercedes-benz.coupe, 3, -62.737, -136.097, 0.129, -3.117, 0.000, 0.000, 0.000, 0.000, 26.000, 314.827, 0.000
0, 0, 1, 264, vehicle.mercedes-benz.coupe, 3, -36.294, -135.404, 0.129, -3.138, 0.000, 0.000, 0.000, 0.000, 26.100, 314.927, 0.000
0, 0, 2, 265, vehicle.mercedes-benz.coupe, 3, -62.737, -136.097, 0.129, -3.117, 0.000, 0.000, 0.000, 0.000, 26.100, 314.927, 0.000
0, 0, 1, 264, vehicle.mercedes-benz.coupe, 3, -36.294, -135.404, 0.129, -3.138, 0.000, 0.000, 0.000, 0.000, 26.200, 315.027, 0.000
0, 0, 2, 265, vehicle.mercedes-benz.coupe, 3, -62.737, -136.097, 0.129, -3.117, 0.000, 0.000, 0.000, 0.000, 26.200, 315.027, 0.000
0, 0, 1, 264, vehicle.mercedes-benz.coupe, 3, -36.294, -135.404, 0.129, -3.138, 0.000, 0.000, 0.000, 0.000, 26.300, 315.127, 0.000
0, 0, 2, 265, vehicle.mercedes-benz.coupe, 3, -62.737, -136.097, 0.129, -3.117, 0.000, 0.000, 0.000, 0.000, 26.300, 315.127, 0.000
0, 0, 1, 264, vehicle.mercedes-benz.coupe, 3, -36.294, -135.404, 0.129, -3.138, 0.000, 0.000, 0.000, 0.000, 26.400, 315.227, 0.000
0, 0, 2, 265, vehicle.mercedes-benz.coupe, 3, -62.737, -136.097, 0.129, -3.117, 0.000, 0.000, 0.000, 0.000, 26.400, 315.227, 0.000
0, 0, 1, 264, vehicle.mercedes-benz.coupe, 3, -36.294, -135.404, 0.129, -3.138, 0.000, 0.000, 0.000, 0.000, 26.500, 315.327, 0.000
0, 0, 2, 265, vehicle.mercedes-benz.coupe, 3, -62.737, -136.097, 0.129, -3.117, 0.000, 0.000, 0.000, 0.000, 26.500, 315.327, 0.000
0, 0, 1, 264, vehicle.mercedes-benz.coupe, 3, -36.294, -135.404, 0.129, -3.138, 0.000, 0.000, 0.000, 0.000, 26.600, 315.427, 0.000
0, 0, 2, 265, vehicle.mercedes-benz.coupe, 3, -62.737, -136.097, 0.129, -3.117, 0.000, 0.000, 0.000, 0.000, 26.600, 315.427, 0.000
0, 0, 1, 264, vehicle.mercedes-benz.coupe, 3, -36.294, -135.404, 0.129, -3.138, 0.000, 0.000, 0.000, 0.000, 26.700, 315.527, 0.000
0, 0, 2, 265, vehicle.mercedes-benz.coupe, 3, -62.737, -136.097, 0.129, -3.117, 0.000, 0.000, 0.000, 0.000, 26.700, 315.527, 0.000
0, 0, 1, 264, vehicle.mercedes-benz.coupe, 3, -36.294, -135.404, 0.129, -3.138, 0.000, 0.000, 0.000, 0.000, 26.800, 315.627, 0.000
0, 0, 2, 265, vehicle.mercedes-benz.coupe, 3, -62.737, -136.097, 0.129, -3.117, 0.000, 0.000, 0.000, 0.000, 26.800, 315.627, 0.000
0, 0, 1, 264, vehicle.mercedes-benz.coupe, 3, -36.294, -135.404, 0.129, -3.138, 0.000, 0.000, 0.000, 0.000, 26.900, 315.727, 0.000
0, 0, 2, 265, vehicle.mercedes-benz.coupe, 3, -62.737, -136.097, 0.129, -3.117, 0.000, 0.000, 0.000, 0.000, 26.900, 315.727, 0.000
0, 0, 1, 264, vehicle.mercedes-benz.coupe, 3, -36.294, -135.404, 0.129, -3.138, 0.000, 0.000, 0.000, 0.000, 27.000, 315.827, 0.000
0, 0, 2, 265, vehicle.mercedes-benz.coupe, 3, -62.737, -136.097, 0.129, -3.117, 0.000, 0.000, 0.000, 0.000, 27.000, 315.827, 0.000
0, 0, 1, 264, vehicle.mercedes-benz.coupe, 3, -36.294, -135.404, 0.129, -3.138, 0.000, 0.000, 0.000, 0.000, 27.100, 315.927, 0.000
0, 0, 2, 265, vehicle.mercedes-benz.coupe, 3, -62.737, -136.097, 0.129, -3.117, 0.000, 0.000, 0.000, 0.000, 27.100, 315.927, 0.000
0, 0, 1, 264, vehicle.mercedes-benz.coupe, 3, -36.294, -135.404, 0.129, -3.138, 0.000, 0.000, 0.000, 0.000, 27.200, 316.027, 0.000
0, 0, 2, 265, vehicle.mercedes-benz.coupe, 3, -62.737, -136.097, 0.129, -3.117, 0.000, 0.000, 0.000, 0.000, 27.200, 316.027, 0.000
0, 0, 1, 264, vehicle.mercedes-benz.coupe, 3, -36.294, -135.404, 0.129, -3.138, 0.000, 0.000, 0.000, 0.000, 27.300, 316.127, 0.000
0, 0, 2, 265, vehicle.mercedes-benz.coupe, 3, -62.737, -136.097, 0.129, -3.117, 0.000, 0.000, 0.000, 0.000, 27.300, 316.127, 0.000
0, 0, 1, 264, vehicle.mercedes-benz.coupe, 3, -36.294, -135.404, 0.129, -3.138, 0.000, 0.000, 0.000, 0.000, 27.400, 316.227, 0.000
0, 0, 2, 265, vehicle.mercedes-benz.coupe, 3, -62.737, -136.097, 0.129, -3.117, 0.000, 0.000, 0.000, 0.000, 27.400, 316.227, 0.000
0, 0, 1, 264, vehicle.mercedes-benz.coupe, 3, -36.294, -135.404, 0.129, -3.138, 0.000, 0.000, 0.000, 0.000, 27.500, 316.327, 0.000
0, 0, 2, 265, vehicle.mercedes-benz.coupe, 3, -62.737, -136.097, 0.129, -3.117, 0.000, 0.000, 0.000, 0.000, 27.500, 316.327, 0.000
0, 0, 1, 264, vehicle.mercedes-benz.coupe, 3, -36.294, -135.404, 0.129, -3.138, 0.000, 0.000, 0.000, 0.000, 27.600, 316.427, 0.000
0, 0, 2, 265, vehicle.mercedes-benz.coupe, 3, -62.737, -136.097, 0.129, -3.117, 0.000, 0.000, 0.000, 0.000, 27.600, 316.427, 0.000
0, 0, 1, 264, vehicle.mercedes-benz.coupe, 3, -36.294, -135.404, 0.129, -3.138, 0.000, 0.000, 0.000, 0.000, 27.700, 316.527, 0.000
0, 0, 2, 265, vehicle.mercedes-benz.coupe, 3, -62.737, -136.097, 0.129, -3.117, 0.000, 0.000, 0.000, 0.000, 27.700, 316.527, 0.000
0, 0, 1, 264, vehicle.mercedes-benz.coupe, 3, -36.294, -135.404, 0.129, -3.138, 0.000, 0.000, 0.000, 0.000, 27.800, 316.627, 0.000
0, 0, 2, 265, vehicle.mercedes-benz.coupe, 3, -62.737, -136.097, 0.129, -3.117, 0.000, 0.000, 0.000, 0.000, 27.800, 316.627, 0.000
0, 0, 1, 264, vehicle.mercedes-benz.coupe, 3, -36.294, -135.404, 0.129, -3.138, 0.000, 0.000, 0.000, 0.000, 27.900, 316.727, 0.000
0, 0, 2, 265, vehicle.mercedes-benz.coupe, 3, -62.737, -136.097, 0.129, -3.117, 0.000, 0.000, 0.000, 0.000, 27.900, 316.727, 0.000
0, 0, 1, 264, vehicle.mercedes-benz.coupe, 3, -36.294, -135.404, 0.129, -3.138, 0.000, 0.000, 0.000, 0.000, 28.000, 316.827, 0.000
0, 0, 2, 265, vehicle.mercedes-benz.coupe, 3, -62.737, -136.097, 0.129, -3.117, 0.000, 0.000, 0.000, 0.000, 28.000, 316.827, 0.000
0, 0, 1, 264, vehicle.mercedes-benz.coupe, 3, -36.294, -135.404, 0.129, -3.138, 0.000, 0.000, 0.000, 0.000, 28.100, 316.927, 0.000
0, 0, 2, 265, vehicle.mercedes-benz.coupe, 3, -62.737, -136.097, 0.129, -3.117, 0.000, 0.000, 0.000, 0.000, 28.100, 316.927, 0.000
0, 0, 1, 264, vehicle.mercedes-benz.coupe, 3, -36.294, -135.404, 0.129, -3.138, 0.000, 0.000, 0.000, 0.000, 28.200, 317.027, 0.000
0, 0, 2, 265, vehicle.mercedes-benz.coupe, 3, -62.737, -136.097, 0.129, -3.117, 0.000, 0.000, 0.000, 0.000, 28.200, 317.027, 0.000
0, 0, 1, 264, vehicle.mercedes-benz.coupe, 3, -36.294, -135.404, 0.129, -3.138, 0.000, 0.000, 0.000, 0.000, 28.300, 317.127, 0.000
0, 0, 2, 265, vehicle.mercedes-benz.coupe, 3, -62.737, -136.097, 0.129, -3.117, 0.000, 0.000, 0.000, 0.000, 28.300, 317.127, 0.000
0, 0, 1, 264, vehicle.mercedes-benz.coupe, 3, -36.294, -135.404, 0.129, -3.138, 0.000, 0.000, 0.000, 0.000, 28.400, 317.227, 0.000
0, 0, 2, 265, vehicle.mercedes-benz.coupe, 3, -62.737, -136.097, 0.129, -3.117, 0.000, 0.000, 0.000, 0.000, 28.400, 317.227, 0.000
0, 0, 1, 264, vehicle.mercedes-benz.coupe, 3, -36.294, -135.404, 0.129, -3.138, 0.000, 0.000, 0.000, 0.000, 28.500, 317.327, 0.000
0, 0, 2, 265, vehicle.mercedes-benz.coupe, 3, -62.737, -136.097, 0.129, -3.117, 0.000, 0.000, 0.000, 0.000, 28.500, 317.327, 0.000
0, 0, 1, 264, vehicle.mercedes-benz.coupe, 3, -36.294, -135.404, 0.129, -3.138, 0.000, 0.000, 0.000, 0.000, 28.600, 317.427, 0.000
0, 0, 2, 265, vehicle.mercedes-benz.coupe, 3, -62.737, -136.097, 0.129, -3.117, 0.000, 0.000, 0.000, 0.000, 28.600, 317.427, 0.000
0, 0, 1, 264, vehicle.mercedes-benz.coupe, 3, -36.294, -135.404, 0.129, -3.138, 0.000, 0.000, 0.000, 0.000, 28.700, 317.527, 0.000
0, 0, 2, 265, vehicle.mercedes-benz.coupe, 3, -62.737, -136.097, 0.129, -3.117, 0.000, 0.000, 0.000, 0.000, 28.700, 317.527, 0.000
0, 0, 1, 264, vehicle.mercedes-benz.coupe, 3, -36.294, -135.404, 0.129, -3.138, 0.000, 0.000, 0.000, 0.000, 28.800, 317.627, 0.000
0, 0, 2, 265, vehicle.mercedes-benz.coupe, 3, -62.737, -136.097, 0.129, -3.117, 0.000, 0.000, 0.000, 0.000, 28.800, 317.627, 0.000
0, 0, 1, 264, vehicle.mercedes-benz.coupe, 3, -36.294, -135.404, 0.129, -3.138, 0.000, 0.000, 0.000, 0.000, 28.900, 317.727, 0.000
0, 0, 2, 265, vehicle.mercedes-benz.coupe, 3, -62.737, -136.097, 0.129, -3.117, 0.000, 0.000, 0.000, 0.000, 28.900, 317.727, 0.000
0, 0, 1, 264, vehicle.mercedes-benz.coupe, 3, -36.294, -135.404, 0.129, -3.138, 0.000, 0.000, 0.000, 0.000, 29.000, 317.827, 0.000
0, 0, 2, 265, vehicle.mercedes-benz.coupe, 3, -62.737, -136.097, 0.129, -3.117, 0.000, 0.000, 0.000, 0.000, 29.000, 317.827, 0.000
0, 0, 1, 264, vehicle.mercedes-benz.coupe, 3, -36.294, -135.404, 0.129, -3.138, 0.000, 0.000, 0.000, 0.000, 29.100, 317.927, 0.000
0, 0, 2, 265, vehicle.mercedes-benz.coupe, 3, -62.737, -136.097, 0.129, -3.117, 0.000, 0.000, 0.000, 0.000, 29.100, 317.927, 0.000
0, 0, 1, 264, vehicle.mercedes-benz.coupe, 3, -36.294, -135.404, 0.129, -3.138, 0.000, 0.000, 0.000, 0.000, 29.200, 318.027, 0.000
0, 0, 2, 265, vehicle.mercedes-benz.coupe, 3, -62.737, -136.097, 0.129, -3.117, 0.000, 0.000, 0.000, 0.000, 29.200, 318.027, 0.000
0, 0, 1, 264, vehicle.mercedes-benz.coupe, 3, -36.294, -135.404, 0.129, -3.138, 0.000, 0.000, 0.000, 0.000, 29.300, 318.127, 0.000
0, 0, 2, 265, vehicle.mercedes-benz.coupe, 3, -62.737, -136.097, 0.129, -3.117, 0.000, 0.000, 0.000, 0.000, 29.300, 318.127, 0.000
0, 0, 1, 264, vehicle.mercedes-benz.coupe, 3, -36.294, -135.404, 0.129, -3.138, 0.000, 0.000, 0.000, 0.000, 29.400, 318.227, 0.000
0, 0, 2, 265, vehicle.mercedes-benz.coupe, 3, -62.737, -136.097, 0.129, -3.117, 0.000, 0.000, 0.000, 0.000, 29.400, 318.227, 0.000
0, 0, 1, 264, vehicle.mercedes-benz.coupe, 3, -36.294, -135.404, 0.129, -3.138, 0.000, 0.000, 0.000, 0.000, 29.500, 318.327, 0.000
0, 0, 2, 265, vehicle.mercedes-benz.coupe, 3, -62.737, -136.097, 0.129, -3.117, 0.000, 0.000, 0.000, 0.000, 29.500, 318.327, 0.000
0, 0, 1, 264, vehicle.mercedes-benz.coupe, 3, -36.294, -135.404, 0.129, -3.138, 0.000, 0.000, 0.000, 0.000, 29.600, 318.427, 0.000
0, 0, 2, 265, vehicle.mercedes-benz.coupe, 3, -62.737, -136.097, 0.129, -3.117, 0.000, 0.000, 0.000, 0.000, 29.600, 318.427, 0.000
0, 0, 1, 264, vehicle.mercedes-benz.coupe, 3, -36.294, -135.404, 0.129, -3.138, 0.000, 0.000, 0.000, 0.000, 29.700, 318.527, 0.000
0, 0, 2, 265, vehicle.mercedes-benz.coupe, 3, -62.737, -136.097, 0.129, -3.117, 0.000, 0.000, 0.000, 0.000, 29.700, 318.527, 0.000
0, 0, 1, 264, vehicle.mercedes-benz.coupe, 3, -36.294, -135.404, 0.129, -3.138, 0.000, 0.000, 0.000, 0.000, 29.800, 318.627, 0.000
0, 0, 2, 265, vehicle.mercedes-benz.coupe, 3, -62.737, -136.097, 0.129, -3.117, 0.000, 0.000, 0.000, 0.000, 29.800, 318.627, 0.000
0, 0, 1, 264, vehicle.mercedes-benz.coupe, 3, -36.294, -135.404, 0.129, -3.138, 0.000, 0.000, 0.000, 0.000, 29.900, 318.727, 0.000
0, 0, 2, 265, vehicle.mercedes-benz.coupe, 3, -62.737, -136.097, 0.129, -3.117, 0.000, 0.000, 0.000, 0.000, 29.900, 318.727, 0.000
0, 0, 1, 264, vehicle.mercedes-benz.coupe, 3, -36.294, -135.404, 0.129, -3.138, 0.000, 0.000, 0.000, 0.000, 30.000, 318.827, 0.000
0, 0, 2, 265, vehicle.mercedes-benz.coupe, 3, -62.737, -136.097, 0.129, -3.117, 0.000, 0.000, 0.000, 0.000, 30.000, 318.827, 0.000
