testNo, repeatNo, agentNo, agentID, agentType, agentTypeNo, x, y, z, yaw, vel_x, vel_y, vel_z, speed, time, sim_time, fps
0, 0, 1, 1679, vehicle.mercedes-benz.coupe, 3, -26.260, -7.950, 1.545, -2.094, 0.000, 0.000, -2.935, 2.935, 0.000, 978.104, 0.000
0, 0, 2, 1680, walker.pedestrian.0002, 1, -22.240, -62.490, 1.694, 0.000, 0.000, 0.000, -2.450, 2.450, 0.000, 978.104, 0.000
0, 0, 1, 1679, vehicle.mercedes-benz.coupe, 3, -26.260, -7.950, 1.198, -2.094, 0.000, 0.000, -3.912, 3.912, 0.100, 978.204, 0.000
0, 0, 2, 1680, walker.pedestrian.0002, 1, -22.249, -62.565, 1.400, -0.509, 0.010, -0.005, -3.430, 3.430, 0.100, 978.204, 0.000
0, 0, 1, 1679, vehicle.mercedes-benz.coupe, 3, -26.260, -7.950, 0.753, -2.094, 0.000, 0.000, -4.888, 4.888, 0.200, 978.304, 0.000
0, 0, 2, 1680, walker.pedestrian.0002, 1, -22.268, -62.714, 1.008, -1.116, 0.022, -0.024, -4.410, 4.410, 0.200, 978.304, 0.000
0, 0, 1, 1679, vehicle.mercedes-benz.coupe, 3, -26.260, -7.950, 0.210, -2.094, 0.000, 0.000, -5.862, 5.862, 0.300, 978.404, 0.000
0, 0, 2, 1680, walker.pedestrian.0002, 1, -22.285, -62.873, 0.957, -1.413, 0.051, -0.226, 0.000, 0.232, 0.300, 978.404, 0.000
0, 0, 1, 1679, vehicle.mercedes-benz.coupe, 3, -26.261, -7.952, 0.062, -2.094, -0.002, 0.003, 0.211, 0.211, 0.400, 978.504, 0.000
0, 0, 2, 1680, walker.pedestrian.0002, 1, -22.305, -63.033, 0.957, -1.558, 0.030, -0.451, 0.000, 0.452, 0.400, 978.504, 0.000
0, 0, 1, 1679, vehicle.mercedes-benz.coupe, 3, -26.261, -7.952, 0.086, -2.094, 0.001, -0.001, 0.239, 0.239, 0.500, 978.604, 0.000
0, 0, 2, 1680, walker.pedestrian.0002, 1, -22.326, -63.193, 0.957, -1.630, -0.014, -0.672, 0.000, 0.672, 0.500, 978.604, 0.000
0, 0, 1, 1679, vehicle.mercedes-benz.coupe, 3, -26.261, -7.952, 0.106, -2.094, 0.001, -0.001, 0.155, 0.155, 0.600, 978.704, 0.000
0, 0, 2, 1680, walker.pedestrian.0002, 1, -22.348, -63.353, 0.957, -1.665, -0.063, -0.891, 0.000, 0.893, 0.600, 978.704, 0.000
0, 0, 1, 1679, vehicle.mercedes-benz.coupe, 3, -26.261, -7.952, 0.118, -2.094, 0.000, -0.001, 0.085, 0.085, 0.700, 978.804, 0.000
0, 0, 2, 1680, walker.pedestrian.0002, 1, -22.369, -63.513, 0.957, -1.679, -0.107, -1.109, 0.000, 1.114, 0.700, 978.804, 0.000
0, 0, 1, 1679, vehicle.mercedes-benz.coupe, 3, -26.261, -7.952, 0.124, -2.094, 0.000, -0.000, 0.043, 0.043, 0.800, 978.904, 0.000
0, 0, 2, 1680, walker.pedestrian.0002, 1, -22.388, -63.673, 0.956, -1.684, -0.143, -1.328, 0.000, 1.336, 0.800, 978.904, 0.000
0, 0, 1, 1679, vehicle.mercedes-benz.coupe, 3, -26.261, -7.952, 0.127, -2.094, 0.000, -0.000, 0.021, 0.021, 0.900, 979.004, 0.000
0, 0, 2, 1680, walker.pedestrian.0002, 1, -22.407, -63.830, 0.956, -1.686, -0.169, -1.490, 0.000, 1.500, 0.900, 979.004, 0.000
0, 0, 1, 1679, vehicle.mercedes-benz.coupe, 3, -26.261, -7.952, 0.128, -2.094, 0.000, -0.000, 0.010, 0.010, 1.000, 979.104, 0.000
0, 0, 2, 1680, walker.pedestrian.0002, 1, -22.425, -63.979, 0.956, -1.688, -0.173, -1.490, 0.000, 1.500, 1.000, 979.104, 0.000
0, 0, 1, 1679, vehicle.mercedes-benz.coupe, 3, -26.261, -7.952, 0.129, -2.094, 0.000, -0.000, 0.004, 0.004, 1.100, 979.204, 0.000
0, 0, 2, 1680, walker.pedestrian.0002, 1, -22.443, -64.127, 0.955, -1.688, -0.175, -1.490, 0.000, 1.500, 1.100, 979.204, 0.000
0, 0, 1, 1679, vehicle.mercedes-benz.coupe, 3, -26.261, -7.952, 0.129, -2.094, 0.000, -0.000, 0.002, 0.002, 1.200, 979.304, 0.000
0, 0, 2, 1680, walker.pedestrian.0002, 1, -22.460, -64.276, 0.955, -1.688, -0.176, -1.490, 0.000, 1.500, 1.200, 979.304, 0.000
0, 0, 1, 1679, vehicle.mercedes-benz.coupe, 3, -26.261, -7.952, 0.129, -2.094, 0.000, -0.000, 0.001, 0.001, 1.300, 979.404, 0.000
0, 0, 2, 1680, walker.pedestrian.0002, 1, -22.478, -64.425, 0.955, -1.689, -0.176, -1.490, 0.000, 1.500, 1.300, 979.404, 0.000
0, 0, 1, 1679, vehicle.mercedes-benz.coupe, 3, -26.261, -7.952, 0.129, -2.094, 0.000, -0.000, 0.001, 0.001, 1.400, 979.504, 0.000
0, 0, 2, 1680, walker.pedestrian.0002, 1, -22.495, -64.574, 0.955, -1.687, -0.175, -1.490, 0.000, 1.500, 1.400, 979.504, 0.000
0, 0, 1, 1679, vehicle.mercedes-benz.coupe, 3, -26.261, -7.952, 0.129, -2.094, 0.000, -0.000, 0.000, 0.000, 1.500, 979.604, 0.000
0, 0, 2, 1680, walker.pedestrian.0002, 1, -22.512, -64.723, 0.954, -1.687, -0.174, -1.490, 0.000, 1.500, 1.500, 979.604, 0.000
0, 0, 1, 1679, vehicle.mercedes-benz.coupe, 3, -26.261, -7.952, 0.129, -2.094, 0.000, -0.000, 0.000, 0.000, 1.600, 979.704, 0.000
0, 0, 2, 1680, walker.pedestrian.0002, 1, -22.530, -64.872, 0.954, -1.687, -0.174, -1.490, 0.000, 1.500, 1.600, 979.704, 0.000
0, 0, 1, 1679, vehicle.mercedes-benz.coupe, 3, -26.261, -7.952, 0.129, -2.094, 0.000, -0.000, 0.000, 0.000, 1.700, 979.804, 0.000
0, 0, 2, 1680, walker.pedestrian.0002, 1, -22.547, -65.021, 0.954, -1.687, -0.173, -1.490, 0.000, 1.500, 1.700, 979.804, 0.000
0, 0, 1, 1679, vehicle.mercedes-benz.coupe, 3, -26.261, -7.952, 0.129, -2.094, 0.000, -0.000, 0.000, 0.000, 1.800, 979.904, 0.000
0, 0, 2, 1680, walker.pedestrian.0002, 1, -22.564, -65.170, 0.953, -1.686, -0.173, -1.490, 0.000, 1.500, 1.800, 979.904, 0.000
0, 0, 1, 1679, vehicle.mercedes-benz.coupe, 3, -26.261, -7.952, 0.129, -2.094, 0.000, -0.000, 0.000, 0.000, 1.900, 980.004, 0.000
0, 0, 2, 1680, walker.pedestrian.0002, 1, -22.582, -65.319, 0.953, -1.686, -0.173, -1.490, 0.000, 1.500, 1.900, 980.004, 0.000
0, 0, 1, 1679, vehicle.mercedes-benz.coupe, 3, -26.261, -7.952, 0.129, -2.094, 0.000, -0.000, 0.000, 0.000, 2.000, 980.104, 0.000
0, 0, 2, 1680, walker.pedestrian.0002, 1, -22.604, -65.468, 0.953, -1.701, -0.185, -1.488, 0.000, 1.500, 2.000, 980.104, 0.000
0, 0, 1, 1679, vehicle.mercedes-benz.coupe, 3, -26.261, -7.952, 0.129, -2.094, 0.000, -0.000, 0.000, 0.000, 2.100, 980.204, 0.000
0, 0, 2, 1680, walker.pedestrian.0002, 1, -22.626, -65.616, 0.952, -1.708, -0.198, -1.487, 0.000, 1.500, 2.100, 980.204, 0.000
0, 0, 1, 1679, vehicle.mercedes-benz.coupe, 3, -26.261, -7.952, 0.129, -2.094, 0.000, -0.000, 0.000, 0.000, 2.200, 980.304, 0.000
0, 0, 2, 1680, walker.pedestrian.0002, 1, -22.648, -65.765, 0.952, -1.711, -0.205, -1.486, 0.000, 1.500, 2.200, 980.304, 0.000
0, 0, 1, 1679, vehicle.mercedes-benz.coupe, 3, -26.259, -7.995, 0.129, -2.077, 0.139, -1.092, -0.000, 1.101, 2.300, 980.404, 0.000
0, 0, 2, 1680, walker.pedestrian.0002, 1, -22.669, -65.913, 0.951, -1.713, -0.210, -1.485, 0.000, 1.500, 2.300, 980.404, 0.000
0, 0, 1, 1679, vehicle.mercedes-benz.coupe, 3, -26.247, -8.168, 0.128, -2.013, 0.434, -2.360, -0.000, 2.399, 2.400, 980.504, 0.000
0, 0, 2, 1680, walker.pedestrian.0002, 1, -22.691, -66.061, 0.951, -1.714, -0.212, -1.485, 0.000, 1.500, 2.400, 980.504, 0.000
0, 0, 1, 1679, vehicle.mercedes-benz.coupe, 3, -26.208, -8.450, 0.128, -1.911, 0.897, -3.363, -0.000, 3.481, 2.500, 980.604, 0.000
0, 0, 2, 1680, walker.pedestrian.0002, 1, -22.712, -66.210, 0.951, -1.714, -0.213, -1.485, 0.000, 1.500, 2.500, 980.604, 0.000
0, 0, 1, 1679, vehicle.mercedes-benz.coupe, 3, -26.121, -8.817, 0.128, -1.780, 1.556, -4.081, -0.000, 4.367, 2.600, 980.704, 0.000
0, 0, 2, 1680, walker.pedestrian.0002, 1, -22.734, -66.358, 0.950, -1.714, -0.214, -1.485, 0.000, 1.500, 2.600, 980.704, 0.000
0, 0, 1, 1679, vehicle.mercedes-benz.coupe, 3, -25.987, -9.243, 0.147, -1.632, 2.243, -4.374, 0.146, 4.918, 2.700, 980.804, 0.000
0, 0, 2, 1680, walker.pedestrian.0002, 1, -22.753, -66.507, 0.950, -1.709, -0.210, -1.485, 0.000, 1.500, 2.700, 980.804, 0.000
0, 0, 1, 1679, vehicle.mercedes-benz.coupe, 3, -25.767, -9.688, 0.157, -1.476, 3.025, -4.411, 0.068, 5.349, 2.800, 980.904, 0.000
0, 0, 2, 1680, walker.pedestrian.0002, 1, -22.773, -66.656, 0.949, -1.706, -0.205, -1.486, 0.000, 1.500, 2.800, 980.904, 0.000
0, 0, 1, 1679, vehicle.mercedes-benz.coupe, 3, -25.473, -10.128, 0.161, -1.318, 3.730, -4.132, 0.031, 5.567, 2.900, 981.004, 0.000
0, 0, 2, 1680, walker.pedestrian.0002, 1, -22.793, -66.804, 0.949, -1.705, -0.202, -1.486, 0.000, 1.500, 2.900, 981.004, 0.000
0, 0, 1, 1679, vehicle.mercedes-benz.coupe, 3, -25.114, -10.528, 0.163, -1.161, 4.274, -3.542, 0.014, 5.551, 3.000, 981.104, 0.000
0, 0, 2, 1680, walker.pedestrian.0002, 1, -22.813, -66.953, 0.949, -1.704, -0.201, -1.487, 0.000, 1.500, 3.000, 981.104, 0.000
0, 0, 1, 1679, vehicle.mercedes-benz.coupe, 3, -24.709, -10.879, 0.164, -1.015, 4.560, -3.011, 0.020, 5.465, 3.100, 981.204, 0.000
0, 0, 2, 1680, walker.pedestrian.0002, 1, -22.833, -67.102, 0.948, -1.704, -0.200, -1.487, 0.000, 1.500, 3.100, 981.204, 0.000
0, 0, 1, 1679, vehicle.mercedes-benz.coupe, 3, -24.277, -11.174, 0.155, -0.883, 4.616, -2.654, -0.242, 5.330, 3.200, 981.304, 0.000
0, 0, 2, 1680, walker.pedestrian.0002, 1, -22.852, -67.251, 0.948, -1.704, -0.199, -1.487, 0.000, 1.500, 3.200, 981.304, 0.000
0, 0, 1, 1679, vehicle.mercedes-benz.coupe, 3, -23.834, -11.427, 0.141, -0.766, 4.704, -2.056, -0.112, 5.135, 3.300, 981.404, 0.000
0, 0, 2, 1680, walker.pedestrian.0002, 1, -22.871, -67.399, 0.948, -1.700, -0.196, -1.487, 0.000, 1.500, 3.300, 981.404, 0.000
0, 0, 1, 1679, vehicle.mercedes-benz.coupe, 3, -23.385, -11.652, 0.134, -0.674, 4.646, -2.040, -0.051, 5.074, 3.400, 981.504, 0.000
0, 0, 2, 1680, walker.pedestrian.0002, 1, -22.890, -67.548, 0.947, -1.698, -0.193, -1.488, 0.000, 1.500, 3.400, 981.504, 0.000
0, 0, 1, 1679, vehicle.mercedes-benz.coupe, 3, -22.936, -11.864, 0.131, -0.604, 4.602, -1.873, -0.023, 4.969, 3.500, 981.604, 0.000
0, 0, 2, 1680, walker.pedestrian.0002, 1, -22.909, -67.697, 0.947, -1.698, -0.191, -1.488, 0.000, 1.500, 3.500, 981.604, 0.000
0, 0, 1, 1679, vehicle.mercedes-benz.coupe, 3, -22.493, -12.077, 0.130, -0.560, 4.445, -2.095, -0.010, 4.914, 3.600, 981.704, 0.000
0, 0, 2, 1680, walker.pedestrian.0002, 1, -22.927, -67.846, 0.947, -1.697, -0.190, -1.488, 0.000, 1.500, 3.600, 981.704, 0.000
0, 0, 1, 1679, vehicle.mercedes-benz.coupe, 3, -22.057, -12.296, 0.130, -0.533, 4.380, -2.108, -0.004, 4.861, 3.700, 981.804, 0.000
0, 0, 2, 1680, walker.pedestrian.0002, 1, -22.946, -67.995, 0.946, -1.697, -0.189, -1.488, 0.000, 1.500, 3.700, 981.804, 0.000
0, 0, 1, 1679, vehicle.mercedes-benz.coupe, 3, -21.637, -12.533, 0.129, -0.530, 4.085, -2.540, -0.002, 4.810, 3.800, 981.904, 0.000
0, 0, 2, 1680, walker.pedestrian.0002, 1, -22.965, -68.143, 0.946, -1.697, -0.189, -1.488, 0.000, 1.500, 3.800, 981.904, 0.000
0, 0, 1, 1679, vehicle.mercedes-benz.coupe, 3, -21.232, -12.791, 0.129, -0.542, 4.005, -2.646, -0.001, 4.800, 3.900, 982.004, 0.000
0, 0, 2, 1680, walker.pedestrian.0002, 1, -22.982, -68.292, 0.946, -1.692, -0.185, -1.489, 0.000, 1.500, 3.900, 982.004, 0.000
0, 0, 1, 1679, vehicle.mercedes-benz.coupe, 3, -20.837, -13.062, 0.129, -0.561, 3.866, -2.814, -0.000, 4.782, 4.000, 982.104, 0.000
0, 0, 2, 1680, walker.pedestrian.0002, 1, -23.000, -68.441, 0.945, -1.690, -0.181, -1.489, 0.000, 1.500, 4.000, 982.104, 0.000
0, 0, 1, 1679, vehicle.mercedes-benz.coupe, 3, -20.449, -13.340, 0.129, -0.578, 3.840, -2.841, -0.000, 4.777, 4.100, 982.204, 0.000
0, 0, 2, 1680, walker.pedestrian.0002, 1, -23.017, -68.590, 0.945, -1.689, -0.178, -1.489, 0.000, 1.500, 4.100, 982.204, 0.000
0, 0, 1, 1679, vehicle.mercedes-benz.coupe, 3, -20.069, -13.627, 0.129, -0.599, 3.734, -2.958, -0.000, 4.764, 4.200, 982.304, 0.000
0, 0, 2, 1680, walker.pedestrian.0002, 1, -23.034, -68.739, 0.945, -1.688, -0.177, -1.490, 0.000, 1.500, 4.200, 982.304, 0.000
0, 0, 1, 1679, vehicle.mercedes-benz.coupe, 3, -19.686, -13.923, 0.129, -0.617, 3.902, -3.119, -0.000, 4.995, 4.300, 982.404, 0.000
0, 0, 2, 1680, walker.pedestrian.0002, 1, -23.052, -68.888, 0.944, -1.688, -0.176, -1.490, 0.000, 1.500, 4.300, 982.404, 0.000
0, 0, 1, 1679, vehicle.mercedes-benz.coupe, 3, -19.282, -14.244, 0.129, -0.634, 4.091, -3.333, 0.001, 5.277, 4.400, 982.504, 0.000
0, 0, 2, 1680, walker.pedestrian.0002, 1, -23.069, -69.037, 0.944, -1.688, -0.175, -1.490, 0.000, 1.500, 4.400, 982.504, 0.000
0, 0, 1, 1679, vehicle.mercedes-benz.coupe, 3, -18.863, -14.579, 0.129, -0.647, 4.192, -3.427, -0.001, 5.415, 4.500, 982.604, 0.000
0, 0, 2, 1680, walker.pedestrian.0002, 1, -23.087, -69.186, 0.944, -1.687, -0.175, -1.490, 0.000, 1.500, 4.500, 982.604, 0.000
0, 0, 1, 1679, vehicle.mercedes-benz.coupe, 3, -18.442, -14.923, 0.129, -0.660, 4.190, -3.486, -0.000, 5.450, 4.600, 982.704, 0.000
0, 0, 2, 1680, walker.pedestrian.0002, 1, -23.104, -69.335, 0.943, -1.687, -0.174, -1.490, 0.000, 1.500, 4.600, 982.704, 0.000
0, 0, 1, 1679, vehicle.mercedes-benz.coupe, 3, -18.023, -15.270, 0.129, -0.670, 4.143, -3.505, -0.000, 5.427, 4.700, 982.804, 0.000
0, 0, 2, 1680, walker.pedestrian.0002, 1, -23.121, -69.484, 0.943, -1.686, -0.173, -1.490, 0.000, 1.500, 4.700, 982.804, 0.000
0, 0, 1, 1679, vehicle.mercedes-benz.coupe, 3, -17.609, -15.617, 0.129, -0.680, 4.089, -3.495, -0.000, 5.379, 4.800, 982.904, 0.000
0, 0, 2, 1680, walker.pedestrian.0002, 1, -23.138, -69.633, 0.943, -1.686, -0.173, -1.490, 0.000, 1.500, 4.800, 982.904, 0.000
0, 0, 1, 1679, vehicle.mercedes-benz.coupe, 3, -17.205, -15.966, 0.129, -0.691, 3.929, -3.583, -0.000, 5.318, 4.900, 983.004, 0.000
0, 0, 2, 1680, walker.pedestrian.0002, 1, -23.155, -69.782, 0.942, -1.686, -0.172, -1.490, 0.000, 1.500, 4.900, 983.004, 0.000
0, 0, 1, 1679, vehicle.mercedes-benz.coupe, 3, -16.816, -16.325, 0.129, -0.709, 3.808, -3.648, -0.000, 5.274, 5.000, 983.104, 0.000
0, 0, 2, 1680, walker.pedestrian.0002, 1, -23.173, -69.931, 0.942, -1.686, -0.172, -1.490, 0.000, 1.500, 5.000, 983.104, 0.000
0, 0, 1, 1679, vehicle.mercedes-benz.coupe, 3, -16.440, -16.691, 0.129, -0.731, 3.658, -3.749, -0.000, 5.238, 5.100, 983.204, 0.000
0, 0, 2, 1680, walker.pedestrian.0002, 1, -23.192, -70.080, 0.942, -1.694, -0.178, -1.489, 0.000, 1.500, 5.100, 983.204, 0.000
0, 0, 1, 1679, vehicle.mercedes-benz.coupe, 3, -16.073, -17.063, 0.129, -0.750, 3.614, -3.770, -0.000, 5.223, 5.200, 983.304, 0.000
0, 0, 2, 1680, walker.pedestrian.0002, 1, -23.214, -70.229, 0.941, -1.704, -0.191, -1.488, 0.000, 1.500, 5.200, 983.304, 0.000
0, 0, 1, 1679, vehicle.mercedes-benz.coupe, 3, -15.707, -17.435, 0.129, -0.764, 3.619, -3.755, -0.000, 5.216, 5.300, 983.404, 0.000
0, 0, 2, 1680, walker.pedestrian.0002, 1, -23.236, -70.377, 0.941, -1.709, -0.201, -1.486, 0.000, 1.500, 5.300, 983.404, 0.000
0, 0, 1, 1679, vehicle.mercedes-benz.coupe, 3, -15.345, -17.809, 0.129, -0.776, 3.562, -3.803, -0.000, 5.210, 5.400, 983.504, 0.000
0, 0, 2, 1680, walker.pedestrian.0002, 1, -23.258, -70.525, 0.941, -1.711, -0.207, -1.486, 0.000, 1.500, 5.400, 983.504, 0.000
0, 0, 1, 1679, vehicle.mercedes-benz.coupe, 3, -14.988, -18.189, 0.129, -0.789, 3.531, -3.832, -0.000, 5.211, 5.500, 983.604, 0.000
0, 0, 2, 1680, walker.pedestrian.0002, 1, -23.279, -70.674, 0.940, -1.713, -0.210, -1.485, 0.000, 1.500, 5.500, 983.604, 0.000
0, 0, 1, 1679, vehicle.mercedes-benz.coupe, 3, -14.634, -18.571, 0.129, -0.800, 3.490, -3.871, -0.000, 5.212, 5.600, 983.704, 0.000
0, 0, 2, 1680, walker.pedestrian.0002, 1, -23.301, -70.822, 0.940, -1.713, -0.212, -1.485, 0.000, 1.500, 5.600, 983.704, 0.000
0, 0, 1, 1679, vehicle.mercedes-benz.coupe, 3, -14.283, -18.957, 0.129, -0.811, 3.470, -3.892, -0.000, 5.215, 5.700, 983.804, 0.000
0, 0, 2, 1680, walker.pedestrian.0002, 1, -23.322, -70.971, 0.939, -1.714, -0.213, -1.485, 0.000, 1.500, 5.700, 983.804, 0.000
0, 0, 1, 1679, vehicle.mercedes-benz.coupe, 3, -13.930, -19.341, 0.129, -0.815, 3.537, -3.835, -0.000, 5.217, 5.800, 983.904, 0.000
0, 0, 2, 1680, walker.pedestrian.0002, 1, -23.343, -71.119, 0.939, -1.711, -0.211, -1.485, 0.000, 1.500, 5.800, 983.904, 0.000
0, 0, 1, 1679, vehicle.mercedes-benz.coupe, 3, -13.575, -19.723, 0.129, -0.818, 3.545, -3.829, -0.000, 5.219, 5.900, 984.004, 0.000
0, 0, 2, 1680, walker.pedestrian.0002, 1, -23.362, -71.268, 0.939, -1.707, -0.207, -1.486, 0.000, 1.500, 5.900, 984.004, 0.000
0, 0, 1, 1679, vehicle.mercedes-benz.coupe, 3, -13.223, -20.108, 0.129, -0.822, 3.499, -3.872, -0.000, 5.219, 6.000, 984.104, 0.000
0, 0, 2, 1680, walker.pedestrian.0002, 1, -23.382, -71.417, 0.938, -1.705, -0.203, -1.486, 0.000, 1.500, 6.000, 984.104, 0.000
0, 0, 1, 1679, vehicle.mercedes-benz.coupe, 3, -12.873, -20.495, 0.129, -0.826, 3.491, -3.881, 0.000, 5.220, 6.100, 984.204, 0.000
0, 0, 2, 1680, walker.pedestrian.0002, 1, -23.402, -71.565, 0.938, -1.704, -0.201, -1.487, 0.000, 1.500, 6.100, 984.204, 0.000
0, 0, 1, 1679, vehicle.mercedes-benz.coupe, 3, -12.525, -20.884, 0.129, -0.831, 3.457, -3.911, -0.000, 5.220, 6.200, 984.304, 0.000
0, 0, 2, 1680, walker.pedestrian.0002, 1, -23.422, -71.714, 0.937, -1.704, -0.200, -1.487, 0.000, 1.500, 6.200, 984.304, 0.000
0, 0, 1, 1679, vehicle.mercedes-benz.coupe, 3, -12.177, -21.273, 0.129, -0.834, 3.504, -3.868, 0.000, 5.219, 6.300, 984.404, 0.000
0, 0, 2, 1680, walker.pedestrian.0002, 1, -23.441, -71.863, 0.937, -1.704, -0.199, -1.487, 0.000, 1.500, 6.300, 984.404, 0.000
0, 0, 1, 1679, vehicle.mercedes-benz.coupe, 3, -11.825, -21.659, 0.129, -0.833, 3.529, -3.846, -0.000, 5.219, 6.400, 984.504, 0.000
0, 0, 2, 1680, walker.pedestrian.0002, 1, -23.460, -72.012, 0.937, -1.700, -0.197, -1.487, 0.000, 1.500, 6.400, 984.504, 0.000
0, 0, 1, 1679, vehicle.mercedes-benz.coupe, 3, -11.475, -22.046, 0.129, -0.834, 3.491, -3.880, 0.000, 5.219, 6.500, 984.604, 0.000
0, 0, 2, 1680, walker.pedestrian.0002, 1, -23.478, -72.161, 0.936, -1.696, -0.191, -1.488, 0.000, 1.500, 6.500, 984.604, 0.000
0, 0, 1, 1679, vehicle.mercedes-benz.coupe, 3, -11.126, -22.434, 0.129, -0.835, 3.486, -3.885, -0.000, 5.220, 6.600, 984.704, 0.000
0, 0, 2, 1680, walker.pedestrian.0002, 1, -23.496, -72.309, 0.936, -1.694, -0.187, -1.488, 0.000, 1.500, 6.600, 984.704, 0.000
0, 0, 1, 1679, vehicle.mercedes-benz.coupe, 3, -10.778, -22.823, 0.129, -0.838, 3.456, -3.911, -0.000, 5.219, 6.700, 984.804, 0.000
0, 0, 2, 1680, walker.pedestrian.0002, 1, -23.514, -72.458, 0.936, -1.693, -0.185, -1.489, 0.000, 1.500, 6.700, 984.804, 0.000
0, 0, 1, 1679, vehicle.mercedes-benz.coupe, 3, -10.431, -23.213, 0.129, -0.839, 3.508, -3.863, 0.000, 5.218, 6.800, 984.904, 0.000
0, 0, 2, 1680, walker.pedestrian.0002, 1, -23.532, -72.607, 0.935, -1.693, -0.183, -1.489, 0.000, 1.500, 6.800, 984.904, 0.000
0, 0, 1, 1679, vehicle.mercedes-benz.coupe, 3, -10.079, -23.598, 0.129, -0.836, 3.536, -3.838, 0.000, 5.219, 6.900, 985.004, 0.000
0, 0, 2, 1680, walker.pedestrian.0002, 1, -23.550, -72.756, 0.935, -1.693, -0.183, -1.489, 0.000, 1.500, 6.900, 985.004, 0.000
0, 0, 1, 1679, vehicle.mercedes-benz.coupe, 3, -9.731, -23.986, 0.129, -0.838, 3.323, -3.997, 0.000, 5.198, 7.000, 985.104, 0.000
0, 0, 2, 1680, walker.pedestrian.0002, 1, -23.569, -72.905, 0.935, -1.692, -0.182, -1.489, 0.000, 1.500, 7.000, 985.104, 0.000
0, 0, 1, 1679, vehicle.mercedes-benz.coupe, 3, -9.427, -24.400, 0.129, -0.874, 2.703, -4.347, -0.000, 5.119, 7.100, 985.204, 0.000
0, 0, 2, 1680, walker.pedestrian.0002, 1, -23.586, -73.054, 0.934, -1.691, -0.180, -1.489, 0.000, 1.500, 7.100, 985.204, 0.000
0, 0, 1, 1679, vehicle.mercedes-benz.coupe, 3, -9.175, -24.838, 0.129, -0.933, 2.163, -4.600, -0.003, 5.083, 7.200, 985.304, 0.000
0, 0, 2, 1680, walker.pedestrian.0002, 1, -23.604, -73.203, 0.934, -1.690, -0.179, -1.489, 0.000, 1.500, 7.200, 985.304, 0.000
0, 0, 1, 1679, vehicle.mercedes-benz.coupe, 3, -8.955, -25.296, 0.129, -0.992, 1.977, -4.738, 0.002, 5.134, 7.300, 985.404, 0.000
0, 0, 2, 1680, walker.pedestrian.0002, 1, -23.621, -73.352, 0.934, -1.689, -0.178, -1.489, 0.000, 1.500, 7.300, 985.404, 0.000
0, 0, 1, 1679, vehicle.mercedes-benz.coupe, 3, -8.759, -25.768, 0.129, -1.051, 1.689, -4.874, 0.000, 5.158, 7.400, 985.504, 0.000
0, 0, 2, 1680, walker.pedestrian.0002, 1, -23.639, -73.501, 0.933, -1.689, -0.177, -1.489, 0.000, 1.500, 7.400, 985.504, 0.000
0, 0, 1, 1679, vehicle.mercedes-benz.coupe, 3, -8.586, -26.252, 0.129, -1.108, 1.418, -4.977, -0.000, 5.176, 7.500, 985.604, 0.000
0, 0, 2, 1680, walker.pedestrian.0002, 1, -23.657, -73.650, 0.933, -1.689, -0.177, -1.490, 0.000, 1.500, 7.500, 985.604, 0.000
0, 0, 1, 1679, vehicle.mercedes-benz.coupe, 3, -8.439, -26.747, 0.129, -1.163, 1.230, -5.059, -0.000, 5.206, 7.600, 985.704, 0.000
0, 0, 2, 1680, walker.pedestrian.0002, 1, -23.674, -73.799, 0.933, -1.689, -0.177, -1.490, 0.000, 1.500, 7.600, 985.704, 0.000
0, 0, 1, 1679, vehicle.mercedes-benz.coupe, 3, -8.307, -27.250, 0.129, -1.211, 1.141, -5.107, -0.000, 5.233, 7.700, 985.804, 0.000
0, 0, 2, 1680, walker.pedestrian.0002, 1, -23.691, -73.948, 0.932, -1.686, -0.174, -1.490, 0.000, 1.500, 7.700, 985.804, 0.000
0, 0, 1, 1679, vehicle.mercedes-benz.coupe, 3, -8.184, -27.758, 0.129, -1.250, 1.080, -5.135, -0.000, 5.247, 7.800, 985.904, 0.000
0, 0, 2, 1680, walker.pedestrian.0002, 1, -23.708, -74.097, 0.932, -1.684, -0.171, -1.490, 0.000, 1.500, 7.800, 985.904, 0.000
0, 0, 1, 1679, vehicle.mercedes-benz.coupe, 3, -8.075, -28.270, 0.129, -1.286, 0.908, -5.163, -0.000, 5.243, 7.900, 986.004, 0.000
0, 0, 2, 1680, walker.pedestrian.0002, 1, -23.724, -74.246, 0.932, -1.683, -0.170, -1.490, 0.000, 1.500, 7.900, 986.004, 0.000
0, 0, 1, 1679, vehicle.mercedes-benz.coupe, 3, -7.978, -28.784, 0.129, -1.318, 0.842, -5.176, -0.000, 5.244, 8.000, 986.104, 0.000
0, 0, 2, 1680, walker.pedestrian.0002, 1, -23.741, -74.395, 0.931, -1.683, -0.169, -1.491, 0.000, 1.500, 8.000, 986.104, 0.000
0, 0, 1, 1679, vehicle.mercedes-benz.coupe, 3, -7.884, -29.300, 0.129, -1.340, 0.873, -5.170, -0.000, 5.243, 8.100, 986.204, 0.000
0, 0, 2, 1680, walker.pedestrian.0002, 1, -23.758, -74.544, 0.931, -1.683, -0.168, -1.491, 0.000, 1.500, 8.100, 986.204, 0.000
0, 0, 1, 1679, vehicle.mercedes-benz.coupe, 3, -7.792, -29.815, 0.129, -1.357, 0.858, -5.167, -0.000, 5.238, 8.200, 986.304, 0.000
0, 0, 2, 1680, walker.pedestrian.0002, 1, -23.774, -74.693, 0.931, -1.683, -0.168, -1.491, 0.000, 1.500, 8.200, 986.304, 0.000
0, 0, 1, 1679, vehicle.mercedes-benz.coupe, 3, -7.697, -30.330, 0.129, -1.366, 0.934, -5.149, -0.000, 5.233, 8.300, 986.404, 0.000
0, 0, 2, 1680, walker.pedestrian.0002, 1, -23.791, -74.842, 0.930, -1.683, -0.168, -1.491, 0.000, 1.500, 8.300, 986.404, 0.000
0, 0, 1, 1679, vehicle.mercedes-benz.coupe, 3, -7.603, -30.844, 0.129, -1.375, 0.858, -5.154, 0.000, 5.225, 8.400, 986.504, 0.000
0, 0, 2, 1680, walker.pedestrian.0002, 1, -23.814, -74.991, 0.930, -1.700, -0.183, -1.489, 0.000, 1.500, 8.400, 986.504, 0.000
0, 0, 1, 1679, vehicle.mercedes-benz.coupe, 3, -7.517, -31.360, 0.129, -1.385, 0.813, -5.158, 0.000, 5.222, 8.500, 986.604, 0.000
0, 0, 2, 1680, walker.pedestrian.0002, 1, -23.836, -75.139, 0.930, -1.709, -0.198, -1.487, 0.000, 1.500, 8.500, 986.604, 0.000
0, 0, 1, 1679, vehicle.mercedes-benz.coupe, 3, -7.432, -31.874, 0.129, -1.391, 0.878, -5.145, 0.000, 5.220, 8.600, 986.704, 0.000
0, 0, 2, 1680, walker.pedestrian.0002, 1, -23.859, -75.287, 0.929, -1.713, -0.207, -1.486, 0.000, 1.500, 8.600, 986.704, 0.000
0, 0, 1, 1679, vehicle.mercedes-benz.coupe, 3, -7.341, -32.388, 0.129, -1.392, 0.912, -5.138, -0.000, 5.219, 8.700, 986.804, 0.000
0, 0, 2, 1680, walker.pedestrian.0002, 1, -23.881, -75.436, 0.929, -1.715, -0.213, -1.485, 0.000, 1.500, 8.700, 986.804, 0.000
0, 0, 1, 1679, vehicle.mercedes-benz.coupe, 3, -7.245, -32.901, 0.129, -1.390, 0.984, -5.124, -0.000, 5.218, 8.800, 986.904, 0.000
0, 0, 2, 1680, walker.pedestrian.0002, 1, -23.903, -75.584, 0.929, -1.716, -0.216, -1.484, 0.000, 1.500, 8.800, 986.904, 0.000
0, 0, 1, 1679, vehicle.mercedes-benz.coupe, 3, -7.147, -33.414, 0.129, -1.387, 0.995, -5.122, 0.000, 5.218, 8.900, 987.004, 0.000
0, 0, 2, 1680, walker.pedestrian.0002, 1, -23.925, -75.732, 0.928, -1.717, -0.217, -1.484, 0.000, 1.500, 8.900, 987.004, 0.000
0, 0, 1, 1679, vehicle.mercedes-benz.coupe, 3, -7.066, -33.928, 0.129, -1.398, 0.670, -5.160, -0.000, 5.203, 9.000, 987.104, 0.000
0, 0, 2, 1680, walker.pedestrian.0002, 1, -23.944, -75.881, 0.928, -1.709, -0.211, -1.485, 0.000, 1.500, 9.000, 987.104, 0.000
0, 0, 1, 1679, vehicle.mercedes-benz.coupe, 3, -6.999, -34.444, 0.129, -1.412, 0.602, -5.174, -0.000, 5.208, 9.100, 987.204, 0.000
0, 0, 2, 1680, walker.pedestrian.0002, 1, -23.963, -76.030, 0.927, -1.705, -0.204, -1.486, 0.000, 1.500, 9.100, 987.204, 0.000
0, 0, 1, 1679, vehicle.mercedes-benz.coupe, 3, -6.947, -34.962, 0.129, -1.432, 0.387, -5.190, -0.000, 5.204, 9.200, 987.304, 0.000
0, 0, 2, 1680, walker.pedestrian.0002, 1, -23.983, -76.179, 0.927, -1.703, -0.200, -1.487, 0.000, 1.500, 9.200, 987.304, 0.000
0, 0, 1, 1679, vehicle.mercedes-benz.coupe, 3, -6.904, -35.480, 0.129, -1.450, 0.379, -5.199, 0.000, 5.213, 9.300, 987.404, 0.000
0, 0, 2, 1680, walker.pedestrian.0002, 1, -24.002, -76.327, 0.927, -1.702, -0.198, -1.487, 0.000, 1.500, 9.300, 987.404, 0.000
0, 0, 1, 1679, vehicle.mercedes-benz.coupe, 3, -6.861, -36.000, 0.129, -1.462, 0.383, -5.204, 0.000, 5.218, 9.400, 987.504, 0.000
0, 0, 2, 1680, walker.pedestrian.0002, 1, -24.021, -76.476, 0.926, -1.702, -0.196, -1.487, 0.000, 1.500, 9.400, 987.504, 0.000
0, 0, 1, 1679, vehicle.mercedes-benz.coupe, 3, -6.823, -36.520, 0.129, -1.473, 0.289, -5.209, -0.000, 5.218, 9.500, 987.604, 0.000
0, 0, 2, 1680, walker.pedestrian.0002, 1, -24.041, -76.625, 0.926, -1.701, -0.196, -1.487, 0.000, 1.500, 9.500, 987.604, 0.000
0, 0, 1, 1679, vehicle.mercedes-benz.coupe, 3, -6.793, -37.041, 0.129, -1.487, 0.236, -5.214, -0.000, 5.220, 9.600, 987.704, 0.000
0, 0, 2, 1680, walker.pedestrian.0002, 1, -24.060, -76.774, 0.926, -1.700, -0.194, -1.487, 0.000, 1.500, 9.600, 987.704, 0.000
0, 0, 1, 1679, vehicle.mercedes-benz.coupe, 3, -6.768, -37.562, 0.129, -1.499, 0.167, -5.217, -0.000, 5.219, 9.700, 987.804, 0.000
0, 0, 2, 1680, walker.pedestrian.0002, 1, -24.078, -76.923, 0.925, -1.697, -0.191, -1.488, 0.000, 1.500, 9.700, 987.804, 0.000
0, 0, 1, 1679, vehicle.mercedes-benz.coupe, 3, -6.750, -38.084, 0.129, -1.510, 0.131, -5.219, 0.000, 5.221, 9.800, 987.904, 0.000
0, 0, 2, 1680, walker.pedestrian.0002, 1, -24.097, -77.071, 0.925, -1.696, -0.189, -1.488, 0.000, 1.500, 9.800, 987.904, 0.000
0, 0, 1, 1679, vehicle.mercedes-benz.coupe, 3, -6.731, -38.606, 0.129, -1.518, 0.223, -5.215, 0.000, 5.220, 9.900, 988.004, 0.000
0, 0, 2, 1680, walker.pedestrian.0002, 1, -24.115, -77.220, 0.925, -1.696, -0.187, -1.488, 0.000, 1.500, 9.900, 988.004, 0.000
0, 0, 1, 1679, vehicle.mercedes-benz.coupe, 3, -6.705, -39.127, 0.129, -1.518, 0.271, -5.213, -0.000, 5.220, 10.000, 988.104, 0.000
0, 0, 2, 1680, walker.pedestrian.0002, 1, -24.134, -77.369, 0.924, -1.695, -0.187, -1.488, 0.000, 1.500, 10.000, 988.104, 0.000
0, 0, 1, 1679, vehicle.mercedes-benz.coupe, 3, -6.683, -39.648, 0.129, -1.522, 0.188, -5.216, 0.000, 5.219, 10.100, 988.204, 0.000
0, 0, 2, 1680, walker.pedestrian.0002, 1, -24.152, -77.518, 0.924, -1.695, -0.186, -1.488, 0.000, 1.500, 10.100, 988.204, 0.000
0, 0, 1, 1679, vehicle.mercedes-benz.coupe, 3, -6.664, -40.170, 0.129, -1.526, 0.175, -5.217, 0.000, 5.219, 10.200, 988.304, 0.000
0, 0, 2, 1680, walker.pedestrian.0002, 1, -24.171, -77.667, 0.924, -1.694, -0.185, -1.488, 0.000, 1.500, 10.200, 988.304, 0.000
0, 0, 1, 1679, vehicle.mercedes-benz.coupe, 3, -6.649, -40.692, 0.129, -1.531, 0.114, -5.218, 0.000, 5.219, 10.300, 988.404, 0.000
0, 0, 2, 1680, walker.pedestrian.0002, 1, -24.188, -77.816, 0.923, -1.692, -0.183, -1.489, 0.000, 1.500, 10.300, 988.404, 0.000
0, 0, 1, 1679, vehicle.mercedes-benz.coupe, 3, -6.636, -41.213, 0.129, -1.536, 0.103, -5.218, 0.000, 5.219, 10.400, 988.504, 0.000
0, 0, 2, 1680, walker.pedestrian.0002, 1, -24.206, -77.965, 0.923, -1.692, -0.182, -1.489, 0.000, 1.500, 10.400, 988.504, 0.000
0, 0, 1, 1679, vehicle.mercedes-benz.coupe, 3, -6.617, -41.735, 0.129, -1.534, 0.239, -5.212, -0.000, 5.217, 10.500, 988.604, 0.000
0, 0, 2, 1680, walker.pedestrian.0002, 1, -24.224, -78.114, 0.922, -1.691, -0.181, -1.489, 0.000, 1.500, 10.500, 988.604, 0.000
0, 0, 1, 1679, vehicle.mercedes-benz.coupe, 3, -6.593, -42.256, 0.129, -1.531, 0.259, -5.212, 0.000, 5.218, 10.600, 988.704, 0.000
0, 0, 2, 1680, walker.pedestrian.0002, 1, -24.242, -78.263, 0.922, -1.691, -0.180, -1.489, 0.000, 1.500, 10.600, 988.704, 0.000
0, 0, 1, 1679, vehicle.mercedes-benz.coupe, 3, -6.573, -42.777, 0.129, -1.532, 0.175, -5.215, 0.000, 5.218, 10.700, 988.804, 0.000
0, 0, 2, 1680, walker.pedestrian.0002, 1, -24.260, -78.411, 0.922, -1.691, -0.180, -1.489, 0.000, 1.500, 10.700, 988.804, 0.000
0, 0, 1, 1679, vehicle.mercedes-benz.coupe, 3, -6.555, -43.299, 0.129, -1.534, 0.162, -5.216, 0.000, 5.219, 10.800, 988.904, 0.000
0, 0, 2, 1680, walker.pedestrian.0002, 1, -24.278, -78.560, 0.921, -1.691, -0.180, -1.489, 0.000, 1.500, 10.800, 988.904, 0.000
0, 0, 1, 1679, vehicle.mercedes-benz.coupe, 3, -6.542, -43.821, 0.129, -1.538, 0.104, -5.218, 0.000, 5.219, 10.900, 989.004, 0.000
0, 0, 2, 1680, walker.pedestrian.0002, 1, -24.295, -78.709, 0.921, -1.687, -0.177, -1.490, 0.000, 1.500, 10.900, 989.004, 0.000
0, 0, 1, 1679, vehicle.mercedes-benz.coupe, 3, -6.531, -44.342, 0.129, -1.542, 0.094, -5.219, -0.000, 5.219, 11.000, 989.104, 0.000
0, 0, 2, 1680, walker.pedestrian.0002, 1, -24.312, -78.859, 0.921, -1.686, -0.173, -1.490, 0.000, 1.500, 11.000, 989.104, 0.000
0, 0, 1, 1679, vehicle.mercedes-benz.coupe, 3, -6.512, -44.864, 0.129, -1.538, 0.240, -5.211, -0.000, 5.217, 11.100, 989.204, 0.000
0, 0, 2, 1680, walker.pedestrian.0002, 1, -24.328, -79.008, 0.920, -1.685, -0.172, -1.490, 0.000, 1.500, 11.100, 989.204, 0.000
0, 0, 1, 1679, vehicle.mercedes-benz.coupe, 3, -6.490, -45.385, 0.129, -1.535, 0.200, -5.213, 0.000, 5.217, 11.200, 989.304, 0.000
0, 0, 2, 1680, walker.pedestrian.0002, 1, -24.345, -79.157, 0.920, -1.684, -0.170, -1.490, 0.000, 1.500, 11.200, 989.304, 0.000
0, 0, 1, 1679, vehicle.mercedes-benz.coupe, 3, -6.472, -45.906, 0.129, -1.536, 0.174, -5.215, -0.000, 5.218, 11.300, 989.404, 0.000
0, 0, 2, 1680, walker.pedestrian.0002, 1, -24.362, -79.306, 0.920, -1.684, -0.170, -1.490, 0.000, 1.500, 11.300, 989.404, 0.000
0, 0, 1, 1679, vehicle.mercedes-benz.coupe, 3, -6.455, -46.428, 0.129, -1.537, 0.128, -5.217, -0.000, 5.219, 11.400, 989.504, 0.000
0, 0, 2, 1680, walker.pedestrian.0002, 1, -24.379, -79.455, 0.920, -1.684, -0.170, -1.490, 0.000, 1.500, 11.400, 989.504, 0.000
0, 0, 1, 1679, vehicle.mercedes-benz.coupe, 3, -6.443, -46.950, 0.129, -1.541, 0.107, -5.218, 0.000, 5.219, 11.500, 989.604, 0.000
0, 0, 2, 1680, walker.pedestrian.0002, 1, -24.384, -79.604, 0.919, -1.642, -0.142, -1.493, 0.000, 1.500, 11.500, 989.604, 0.000
0, 0, 1, 1679, vehicle.mercedes-benz.coupe, 3, -6.429, -47.471, 0.129, -1.541, 0.205, -5.213, 0.000, 5.217, 11.600, 989.704, 0.000
0, 0, 2, 1680, walker.pedestrian.0002, 1, -24.377, -79.755, 0.919, -1.591, -0.073, -1.498, 0.000, 1.500, 11.600, 989.704, 0.000
0, 0, 1, 1679, vehicle.mercedes-benz.coupe, 3, -6.406, -47.993, 0.129, -1.536, 0.255, -5.211, -0.000, 5.218, 11.700, 989.804, 0.000
0, 0, 2, 1680, walker.pedestrian.0002, 1, -24.370, -79.905, 0.919, -1.567, -0.022, -1.500, 0.000, 1.500, 11.700, 989.804, 0.000
0, 0, 1, 1679, vehicle.mercedes-benz.coupe, 3, -6.383, -48.514, 0.129, -1.534, 0.199, -5.214, 0.000, 5.218, 11.800, 989.904, 0.000
0, 0, 2, 1680, walker.pedestrian.0002, 1, -24.364, -80.055, 0.919, -1.555, 0.008, -1.500, 0.000, 1.500, 11.800, 989.904, 0.000
0, 0, 1, 1679, vehicle.mercedes-benz.coupe, 3, -6.365, -49.035, 0.129, -1.535, 0.169, -5.216, 0.000, 5.219, 11.900, 990.004, 0.000
0, 0, 2, 1680, walker.pedestrian.0002, 1, -24.359, -80.205, 0.919, -1.549, 0.024, -1.500, 0.000, 1.500, 11.900, 990.004, 0.000
0, 0, 1, 1679, vehicle.mercedes-benz.coupe, 3, -6.346, -49.557, 0.129, -1.534, 0.254, -5.211, -0.000, 5.217, 12.000, 990.104, 0.000
0, 0, 2, 1680, walker.pedestrian.0002, 1, -24.355, -80.354, 0.919, -1.546, 0.033, -1.500, 0.000, 1.500, 12.000, 990.104, 0.000
0, 0, 1, 1679, vehicle.mercedes-benz.coupe, 3, -6.319, -50.078, 0.129, -1.529, 0.299, -5.209, 0.000, 5.218, 12.100, 990.204, 0.000
0, 0, 2, 1680, walker.pedestrian.0002, 1, -24.342, -80.504, 0.919, -1.516, 0.056, -1.499, 0.000, 1.500, 12.100, 990.204, 0.000
0, 0, 1, 1679, vehicle.mercedes-benz.coupe, 3, -6.292, -50.599, 0.129, -1.526, 0.230, -5.213, 0.000, 5.218, 12.200, 990.304, 0.000
0, 0, 2, 1680, walker.pedestrian.0002, 1, -24.321, -80.653, 0.919, -1.481, 0.105, -1.496, 0.000, 1.500, 12.200, 990.304, 0.000
0, 0, 1, 1679, vehicle.mercedes-benz.coupe, 3, -6.271, -51.120, 0.129, -1.528, 0.193, -5.215, 0.000, 5.218, 12.300, 990.404, 0.000
0, 0, 2, 1680, walker.pedestrian.0002, 1, -24.301, -80.801, 0.919, -1.463, 0.141, -1.493, 0.000, 1.500, 12.300, 990.404, 0.000
0, 0, 1, 1679, vehicle.mercedes-benz.coupe, 3, -6.255, -51.642, 0.129, -1.532, 0.130, -5.217, 0.000, 5.218, 12.400, 990.504, 0.000
0, 0, 2, 1680, walker.pedestrian.0002, 1, -24.281, -80.950, 0.919, -1.455, 0.162, -1.491, 0.000, 1.500, 12.400, 990.504, 0.000
0, 0, 1, 1679, vehicle.mercedes-benz.coupe, 3, -6.241, -52.164, 0.129, -1.536, 0.119, -5.218, -0.000, 5.219, 12.500, 990.604, 0.000
0, 0, 2, 1680, walker.pedestrian.0002, 1, -24.262, -81.099, 0.919, -1.451, 0.173, -1.490, 0.000, 1.500, 12.500, 990.604, 0.000
0, 0, 1, 1679, vehicle.mercedes-benz.coupe, 3, -6.220, -52.685, 0.129, -1.534, 0.253, -5.211, -0.000, 5.217, 12.600, 990.704, 0.000
0, 0, 2, 1680, walker.pedestrian.0002, 1, -24.243, -81.248, 0.920, -1.449, 0.179, -1.489, 0.000, 1.500, 12.600, 990.704, 0.000
0, 0, 1, 1679, vehicle.mercedes-benz.coupe, 3, -6.195, -53.206, 0.129, -1.530, 0.273, -5.211, -0.000, 5.218, 12.700, 990.804, 0.000
0, 0, 2, 1680, walker.pedestrian.0002, 1, -24.217, -81.395, 0.920, -1.421, 0.200, -1.487, 0.000, 1.500, 12.700, 990.804, 0.000
0, 0, 1, 1679, vehicle.mercedes-benz.coupe, 3, -6.174, -53.727, 0.129, -1.531, 0.183, -5.215, 0.000, 5.218, 12.800, 990.904, 0.000
0, 0, 2, 1680, walker.pedestrian.0002, 1, -24.183, -81.541, 0.920, -1.388, 0.245, -1.480, 0.000, 1.500, 12.800, 990.904, 0.000
0, 0, 1, 1679, vehicle.mercedes-benz.coupe, 3, -6.156, -54.249, 0.129, -1.533, 0.169, -5.216, 0.000, 5.219, 12.900, 991.004, 0.000
0, 0, 2, 1680, walker.pedestrian.0002, 1, -24.149, -81.688, 0.921, -1.372, 0.278, -1.474, 0.000, 1.500, 12.900, 991.004, 0.000
0, 0, 1, 1679, vehicle.mercedes-benz.coupe, 3, -6.143, -54.771, 0.129, -1.537, 0.108, -5.218, -0.000, 5.219, 13.000, 991.104, 0.000
0, 0, 2, 1680, walker.pedestrian.0002, 1, -24.116, -81.834, 0.921, -1.364, 0.298, -1.470, 0.000, 1.500, 13.000, 991.104, 0.000
0, 0, 1, 1679, vehicle.mercedes-benz.coupe, 3, -6.128, -55.292, 0.129, -1.538, 0.198, -5.213, -0.000, 5.217, 13.100, 991.204, 0.000
0, 0, 2, 1680, walker.pedestrian.0002, 1, -24.084, -81.980, 0.921, -1.360, 0.308, -1.468, 0.000, 1.500, 13.100, 991.204, 0.000
0, 0, 1, 1679, vehicle.mercedes-benz.coupe, 3, -6.106, -55.813, 0.129, -1.535, 0.246, -5.212, -0.000, 5.218, 13.200, 991.304, 0.000
0, 0, 2, 1680, walker.pedestrian.0002, 1, -24.052, -82.127, 0.922, -1.358, 0.314, -1.467, 0.000, 1.500, 13.200, 991.304, 0.000
0, 0, 1, 1679, vehicle.mercedes-benz.coupe, 3, -6.084, -56.335, 0.129, -1.533, 0.193, -5.214, 0.000, 5.218, 13.300, 991.404, 0.000
0, 0, 2, 1680, walker.pedestrian.0002, 1, -24.020, -82.274, 0.922, -1.357, 0.316, -1.466, 0.000, 1.500, 13.300, 991.404, 0.000
0, 0, 1, 1679, vehicle.mercedes-benz.coupe, 3, -6.066, -56.856, 0.129, -1.534, 0.165, -5.216, 0.000, 5.219, 13.400, 991.504, 0.000
0, 0, 2, 1680, walker.pedestrian.0002, 1, -23.985, -82.419, 0.923, -1.346, 0.325, -1.464, 0.000, 1.500, 13.400, 991.504, 0.000
0, 0, 1, 1679, vehicle.mercedes-benz.coupe, 3, -6.051, -57.378, 0.129, -1.537, 0.120, -5.217, -0.000, 5.219, 13.500, 991.604, 0.000
0, 0, 2, 1680, walker.pedestrian.0002, 1, -23.947, -82.565, 0.923, -1.334, 0.342, -1.461, 0.000, 1.500, 13.500, 991.604, 0.000
0, 0, 1, 1679, vehicle.mercedes-benz.coupe, 3, -6.039, -57.900, 0.129, -1.541, 0.099, -5.218, -0.000, 5.219, 13.600, 991.704, 0.000
0, 0, 2, 1680, walker.pedestrian.0002, 1, -23.909, -82.710, 0.924, -1.327, 0.354, -1.458, 0.000, 1.500, 13.600, 991.704, 0.000
0, 0, 1, 1679, vehicle.mercedes-benz.coupe, 3, -6.025, -58.421, 0.129, -1.541, 0.200, -5.213, -0.000, 5.217, 13.700, 991.804, 0.000
0, 0, 2, 1680, walker.pedestrian.0002, 1, -23.872, -82.855, 0.924, -1.324, 0.362, -1.456, 0.000, 1.500, 13.700, 991.804, 0.000
0, 0, 1, 1679, vehicle.mercedes-benz.coupe, 3, -6.003, -58.943, 0.129, -1.537, 0.253, -5.211, -0.000, 5.217, 13.800, 991.904, 0.000
0, 0, 2, 1680, walker.pedestrian.0002, 1, -23.835, -83.000, 0.925, -1.323, 0.366, -1.455, 0.000, 1.500, 13.800, 991.904, 0.000
0, 0, 1, 1679, vehicle.mercedes-benz.coupe, 3, -5.980, -59.464, 0.129, -1.534, 0.196, -5.214, 0.000, 5.218, 13.900, 992.004, 0.000
0, 0, 2, 1680, walker.pedestrian.0002, 1, -23.798, -83.146, 0.925, -1.322, 0.368, -1.454, 0.000, 1.500, 13.900, 992.004, 0.000
0, 0, 1, 1679, vehicle.mercedes-benz.coupe, 3, -5.962, -59.985, 0.129, -1.535, 0.166, -5.216, -0.000, 5.219, 14.000, 992.104, 0.000
0, 0, 2, 1680, walker.pedestrian.0002, 1, -23.761, -83.291, 0.926, -1.322, 0.369, -1.454, 0.000, 1.500, 14.000, 992.104, 0.000
0, 0, 1, 1679, vehicle.mercedes-benz.coupe, 3, -5.947, -60.507, 0.129, -1.537, 0.119, -5.217, 0.000, 5.219, 14.100, 992.204, 0.000
0, 0, 2, 1680, walker.pedestrian.0002, 1, -23.714, -83.434, 0.926, -1.293, 0.394, -1.447, 0.000, 1.500, 14.100, 992.204, 0.000
0, 0, 1, 1679, vehicle.mercedes-benz.coupe, 3, -5.935, -61.029, 0.129, -1.541, 0.097, -5.218, 0.000, 5.219, 14.200, 992.304, 0.000
0, 0, 2, 1680, walker.pedestrian.0002, 1, -23.668, -83.576, 0.927, -1.278, 0.418, -1.440, 0.000, 1.500, 14.200, 992.304, 0.000
0, 0, 1, 1679, vehicle.mercedes-benz.coupe, 3, -5.917, -61.550, 0.129, -1.538, 0.230, -5.212, -0.000, 5.217, 14.300, 992.404, 0.000
0, 0, 2, 1680, walker.pedestrian.0002, 1, -23.622, -83.719, 0.927, -1.271, 0.434, -1.436, 0.000, 1.500, 14.300, 992.404, 0.000
0, 0, 1, 1679, vehicle.mercedes-benz.coupe, 3, -5.894, -62.071, 0.129, -1.534, 0.250, -5.212, -0.000, 5.218, 14.400, 992.504, 0.000
0, 0, 2, 1680, walker.pedestrian.0002, 1, -23.576, -83.862, 0.928, -1.268, 0.443, -1.433, 0.000, 1.500, 14.400, 992.504, 0.000
0, 0, 1, 1679, vehicle.mercedes-benz.coupe, 3, -5.874, -62.593, 0.129, -1.535, 0.172, -5.215, 0.000, 5.218, 14.500, 992.604, 0.000
0, 0, 2, 1680, walker.pedestrian.0002, 1, -23.531, -84.005, 0.929, -1.266, 0.447, -1.432, 0.000, 1.500, 14.500, 992.604, 0.000
0, 0, 1, 1679, vehicle.mercedes-benz.coupe, 3, -5.858, -63.114, 0.129, -1.536, 0.161, -5.217, 0.000, 5.219, 14.600, 992.704, 0.000
0, 0, 2, 1680, walker.pedestrian.0002, 1, -23.485, -84.148, 0.929, -1.266, 0.450, -1.431, 0.000, 1.500, 14.600, 992.704, 0.000
0, 0, 1, 1679, vehicle.mercedes-benz.coupe, 3, -5.845, -63.636, 0.129, -1.539, 0.105, -5.218, -0.000, 5.219, 14.700, 992.804, 0.000
0, 0, 2, 1680, walker.pedestrian.0002, 1, -23.440, -84.291, 0.930, -1.264, 0.452, -1.430, 0.000, 1.500, 14.700, 992.804, 0.000
0, 0, 1, 1679, vehicle.mercedes-benz.coupe, 3, -5.833, -64.158, 0.129, -1.543, 0.096, -5.219, -0.000, 5.220, 14.800, 992.904, 0.000
0, 0, 2, 1680, walker.pedestrian.0002, 1, -23.394, -84.434, 0.931, -1.262, 0.455, -1.429, 0.000, 1.500, 14.800, 992.904, 0.000
0, 0, 1, 1679, vehicle.mercedes-benz.coupe, 3, -5.814, -64.679, 0.129, -1.539, 0.237, -5.212, -0.000, 5.217, 14.900, 993.004, 0.000
0, 0, 2, 1680, walker.pedestrian.0002, 1, -23.348, -84.577, 0.931, -1.261, 0.457, -1.429, 0.000, 1.500, 14.900, 993.004, 0.000
0, 0, 1, 1679, vehicle.mercedes-benz.coupe, 3, -5.791, -65.200, 0.129, -1.535, 0.260, -5.212, 0.000, 5.218, 15.000, 993.104, 0.000
0, 0, 2, 1680, walker.pedestrian.0002, 1, -23.302, -84.719, 0.932, -1.260, 0.458, -1.428, 0.000, 1.500, 15.000, 993.104, 0.000
0, 0, 1, 1679, vehicle.mercedes-benz.coupe, 3, -5.771, -65.722, 0.129, -1.534, 0.181, -5.215, 0.000, 5.218, 15.100, 993.204, 0.000
0, 0, 2, 1680, walker.pedestrian.0002, 1, -23.256, -84.862, 0.933, -1.260, 0.459, -1.428, 0.000, 1.500, 15.100, 993.204, 0.000
0, 0, 1, 1679, vehicle.mercedes-benz.coupe, 3, -5.751, -66.243, 0.129, -1.533, 0.255, -5.211, -0.000, 5.217, 15.200, 993.304, 0.000
0, 0, 2, 1680, walker.pedestrian.0002, 1, -23.210, -85.005, 0.933, -1.260, 0.459, -1.428, 0.000, 1.500, 15.200, 993.304, 0.000
0, 0, 1, 1679, vehicle.mercedes-benz.coupe, 3, -5.724, -66.764, 0.129, -1.529, 0.296, -5.209, -0.000, 5.218, 15.300, 993.404, 0.000
0, 0, 2, 1680, walker.pedestrian.0002, 1, -23.162, -85.147, 0.934, -1.252, 0.464, -1.427, 0.000, 1.500, 15.300, 993.404, 0.000
0, 0, 1, 1679, vehicle.mercedes-benz.coupe, 3, -5.697, -67.285, 0.129, -1.526, 0.230, -5.213, 0.000, 5.218, 15.400, 993.504, 0.000
0, 0, 2, 1680, walker.pedestrian.0002, 1, -23.112, -85.288, 0.935, -1.244, 0.475, -1.423, 0.000, 1.500, 15.400, 993.504, 0.000
0, 0, 1, 1679, vehicle.mercedes-benz.coupe, 3, -5.676, -67.807, 0.129, -1.528, 0.195, -5.215, 0.000, 5.219, 15.500, 993.604, 0.000
0, 0, 2, 1680, walker.pedestrian.0002, 1, -23.062, -85.430, 0.935, -1.239, 0.483, -1.420, 0.000, 1.500, 15.500, 993.604, 0.000
0, 0, 1, 1679, vehicle.mercedes-benz.coupe, 3, -5.658, -68.328, 0.129, -1.531, 0.141, -5.216, -0.000, 5.218, 15.600, 993.704, 0.000
0, 0, 2, 1680, walker.pedestrian.0002, 1, -23.012, -85.572, 0.936, -1.237, 0.488, -1.418, 0.000, 1.500, 15.600, 993.704, 0.000
0, 0, 1, 1679, vehicle.mercedes-benz.coupe, 3, -5.644, -68.850, 0.129, -1.535, 0.116, -5.218, -0.000, 5.219, 15.700, 993.804, 0.000
0, 0, 2, 1680, walker.pedestrian.0002, 1, -22.963, -85.713, 0.937, -1.236, 0.491, -1.417, 0.000, 1.500, 15.700, 993.804, 0.000
0, 0, 1, 1679, vehicle.mercedes-benz.coupe, 3, -5.629, -69.372, 0.129, -1.536, 0.214, -5.213, -0.000, 5.217, 15.800, 993.904, 0.000
0, 0, 2, 1680, walker.pedestrian.0002, 1, -22.913, -85.855, 0.937, -1.236, 0.492, -1.417, 0.000, 1.500, 15.800, 993.904, 0.000
0, 0, 1, 1679, vehicle.mercedes-benz.coupe, 3, -5.605, -69.893, 0.129, -1.532, 0.265, -5.211, -0.000, 5.218, 15.900, 994.004, 0.000
0, 0, 2, 1680, walker.pedestrian.0002, 1, -22.864, -85.996, 0.938, -1.235, 0.493, -1.417, 0.000, 1.500, 15.900, 994.004, 0.000
0, 0, 1, 1679, vehicle.mercedes-benz.coupe, 3, -5.581, -70.414, 0.129, -1.530, 0.204, -5.214, 0.000, 5.218, 16.000, 994.104, 0.000
0, 0, 2, 1680, walker.pedestrian.0002, 1, -22.814, -86.138, 0.939, -1.235, 0.494, -1.416, 0.000, 1.500, 16.000, 994.104, 0.000
0, 0, 1, 1679, vehicle.mercedes-benz.coupe, 3, -5.563, -70.935, 0.129, -1.532, 0.171, -5.216, -0.000, 5.218, 16.100, 994.204, 0.000
0, 0, 2, 1680, walker.pedestrian.0002, 1, -22.766, -86.280, 0.940, -1.238, 0.492, -1.417, 0.000, 1.500, 16.100, 994.204, 0.000
0, 0, 1, 1679, vehicle.mercedes-benz.coupe, 3, -5.549, -71.457, 0.129, -1.536, 0.111, -5.217, -0.000, 5.218, 16.200, 994.304, 0.000
0, 0, 2, 1680, walker.pedestrian.0002, 1, -22.717, -86.422, 0.940, -1.239, 0.490, -1.418, 0.000, 1.500, 16.200, 994.304, 0.000
0, 0, 1, 1679, vehicle.mercedes-benz.coupe, 3, -5.537, -71.979, 0.129, -1.540, 0.101, -5.218, 0.000, 5.219, 16.300, 994.404, 0.000
0, 0, 2, 1680, walker.pedestrian.0002, 1, -22.668, -86.564, 0.941, -1.239, 0.489, -1.418, 0.000, 1.500, 16.300, 994.404, 0.000
0, 0, 1, 1679, vehicle.mercedes-benz.coupe, 3, -5.517, -72.500, 0.129, -1.537, 0.237, -5.212, -0.000, 5.217, 16.400, 994.504, 0.000
0, 0, 2, 1680, walker.pedestrian.0002, 1, -22.620, -86.705, 0.942, -1.240, 0.488, -1.418, 0.000, 1.500, 16.400, 994.504, 0.000
0, 0, 1, 1679, vehicle.mercedes-benz.coupe, 3, -5.494, -73.021, 0.129, -1.533, 0.257, -5.212, -0.000, 5.218, 16.500, 994.604, 0.000
0, 0, 2, 1680, walker.pedestrian.0002, 1, -22.571, -86.847, 0.942, -1.240, 0.488, -1.418, 0.000, 1.500, 16.500, 994.604, 0.000
0, 0, 1, 1679, vehicle.mercedes-benz.coupe, 3, -5.474, -73.543, 0.129, -1.534, 0.175, -5.215, 0.000, 5.218, 16.600, 994.704, 0.000
0, 0, 2, 1680, walker.pedestrian.0002, 1, -22.522, -86.989, 0.943, -1.240, 0.488, -1.419, 0.000, 1.500, 16.600, 994.704, 0.000
0, 0, 1, 1679, vehicle.mercedes-benz.coupe, 3, -5.457, -74.064, 0.129, -1.535, 0.163, -5.216, 0.000, 5.219, 16.700, 994.804, 0.000
0, 0, 2, 1680, walker.pedestrian.0002, 1, -22.474, -87.131, 0.944, -1.241, 0.486, -1.419, 0.000, 1.500, 16.700, 994.804, 0.000
0, 0, 1, 1679, vehicle.mercedes-benz.coupe, 3, -5.444, -74.586, 0.129, -1.539, 0.106, -5.218, 0.000, 5.219, 16.800, 994.904, 0.000
0, 0, 2, 1680, walker.pedestrian.0002, 1, -22.426, -87.273, 0.945, -1.242, 0.485, -1.419, 0.000, 1.500, 16.800, 994.904, 0.000
0, 0, 1, 1679, vehicle.mercedes-benz.coupe, 3, -5.433, -75.108, 0.129, -1.542, 0.096, -5.219, -0.000, 5.219, 16.900, 995.004, 0.000
0, 0, 2, 1680, walker.pedestrian.0002, 1, -22.377, -87.415, 0.945, -1.242, 0.484, -1.420, 0.000, 1.500, 16.900, 995.004, 0.000
0, 0, 1, 1679, vehicle.mercedes-benz.coupe, 3, -5.424, -75.630, 0.129, -1.546, 0.062, -5.219, -0.000, 5.220, 17.000, 995.104, 0.000
0, 0, 2, 1680, walker.pedestrian.0002, 1, -22.329, -87.557, 0.946, -1.243, 0.484, -1.420, 0.000, 1.500, 17.000, 995.104, 0.000
0, 0, 1, 1679, vehicle.mercedes-benz.coupe, 3, -5.417, -76.152, 0.129, -1.550, 0.041, -5.220, -0.000, 5.220, 17.100, 995.204, 0.000
0, 0, 2, 1680, walker.pedestrian.0002, 1, -22.281, -87.699, 0.947, -1.243, 0.483, -1.420, 0.000, 1.500, 17.100, 995.204, 0.000
0, 0, 1, 1679, vehicle.mercedes-benz.coupe, 3, -5.413, -76.674, 0.129, -1.554, 0.032, -5.220, 0.000, 5.220, 17.200, 995.304, 0.000
0, 0, 2, 1680, walker.pedestrian.0002, 1, -22.233, -87.841, 0.947, -1.243, 0.483, -1.420, 0.000, 1.500, 17.200, 995.304, 0.000
0, 0, 1, 1679, vehicle.mercedes-benz.coupe, 3, -5.405, -77.195, 0.129, -1.554, 0.150, -5.214, -0.000, 5.216, 17.300, 995.404, 0.000
0, 0, 2, 1680, walker.pedestrian.0002, 1, -22.182, -87.982, 0.948, -1.234, 0.489, -1.418, 0.000, 1.500, 17.300, 995.404, 0.000
0, 0, 1, 1679, vehicle.mercedes-benz.coupe, 3, -5.388, -77.717, 0.129, -1.548, 0.211, -5.213, -0.000, 5.217, 17.400, 995.504, 0.000
0, 0, 2, 1680, walker.pedestrian.0002, 1, -22.129, -88.123, 0.949, -1.223, 0.503, -1.413, 0.000, 1.500, 17.400, 995.504, 0.000
0, 0, 1, 1679, vehicle.mercedes-benz.coupe, 3, -5.369, -78.238, 0.129, -1.544, 0.167, -5.215, 0.000, 5.218, 17.500, 995.604, 0.000
0, 0, 2, 1680, walker.pedestrian.0002, 1, -22.075, -88.263, 0.949, -1.218, 0.513, -1.410, 0.000, 1.500, 17.500, 995.604, 0.000
0, 0, 1, 1679, vehicle.mercedes-benz.coupe, 3, -5.354, -78.760, 0.129, -1.544, 0.143, -5.217, 0.000, 5.219, 17.600, 995.704, 0.000
0, 0, 2, 1680, walker.pedestrian.0002, 1, -22.023, -88.403, 0.950, -1.215, 0.519, -1.407, 0.000, 1.500, 17.600, 995.704, 0.000
0, 0, 1, 1679, vehicle.mercedes-benz.coupe, 3, -5.342, -79.281, 0.129, -1.545, 0.103, -5.218, -0.000, 5.219, 17.700, 995.804, 0.000
0, 0, 2, 1680, walker.pedestrian.0002, 1, -21.970, -88.544, 0.951, -1.214, 0.522, -1.406, 0.000, 1.500, 17.700, 995.804, 0.000
0, 0, 1, 1679, vehicle.mercedes-benz.coupe, 3, -5.332, -79.803, 0.129, -1.547, 0.085, -5.219, -0.000, 5.219, 17.800, 995.904, 0.000
0, 0, 2, 1680, walker.pedestrian.0002, 1, -21.917, -88.684, 0.952, -1.213, 0.524, -1.405, 0.000, 1.500, 17.800, 995.904, 0.000
0, 0, 1, 1679, vehicle.mercedes-benz.coupe, 3, -5.324, -80.325, 0.129, -1.550, 0.055, -5.219, 0.000, 5.220, 17.900, 996.004, 0.000
0, 0, 2, 1680, walker.pedestrian.0002, 1, -21.865, -88.825, 0.953, -1.213, 0.525, -1.405, 0.000, 1.500, 17.900, 996.004, 0.000
0, 0, 1, 1679, vehicle.mercedes-benz.coupe, 3, -5.318, -80.847, 0.129, -1.553, 0.049, -5.220, -0.000, 5.220, 18.000, 996.104, 0.000
0, 0, 2, 1680, walker.pedestrian.0002, 1, -21.816, -88.967, 0.953, -1.225, 0.516, -1.409, 0.000, 1.500, 18.000, 996.104, 0.000
0, 0, 1, 1679, vehicle.mercedes-benz.coupe, 3, -5.314, -81.369, 0.129, -1.556, 0.032, -5.220, -0.000, 5.220, 18.100, 996.204, 0.000
0, 0, 2, 1680, walker.pedestrian.0002, 1, -21.767, -89.108, 0.954, -1.230, 0.506, -1.412, 0.000, 1.500, 18.100, 996.204, 0.000
0, 0, 1, 1679, vehicle.mercedes-benz.coupe, 3, -5.310, -81.891, 0.129, -1.558, 0.029, -5.220, -0.000, 5.220, 18.200, 996.304, 0.000
0, 0, 2, 1680, walker.pedestrian.0002, 1, -21.718, -89.250, 0.955, -1.233, 0.500, -1.414, 0.000, 1.500, 18.200, 996.304, 0.000
0, 0, 1, 1679, vehicle.mercedes-benz.coupe, 3, -5.307, -82.413, 0.129, -1.561, 0.017, -5.220, -0.000, 5.220, 18.300, 996.404, 0.000
0, 0, 2, 1680, walker.pedestrian.0002, 1, -21.669, -89.392, 0.955, -1.234, 0.497, -1.415, 0.000, 1.500, 18.300, 996.404, 0.000
0, 0, 1, 1679, vehicle.mercedes-benz.coupe, 3, -5.305, -82.935, 0.129, -1.563, 0.014, -5.220, 0.000, 5.220, 18.400, 996.504, 0.000
0, 0, 2, 1680, walker.pedestrian.0002, 1, -21.619, -89.534, 0.956, -1.235, 0.495, -1.416, 0.000, 1.500, 18.400, 996.504, 0.000
0, 0, 1, 1679, vehicle.mercedes-benz.coupe, 3, -5.292, -83.456, 0.129, -1.557, 0.189, -5.212, -0.000, 5.215, 18.500, 996.604, 0.000
0, 0, 2, 1680, walker.pedestrian.0002, 1, -21.570, -89.675, 0.957, -1.235, 0.494, -1.416, 0.000, 1.500, 18.500, 996.604, 0.000
0, 0, 1, 1679, vehicle.mercedes-benz.coupe, 3, -5.275, -83.978, 0.129, -1.551, 0.166, -5.214, 0.000, 5.217, 18.600, 996.704, 0.000
0, 0, 2, 1680, walker.pedestrian.0002, 1, -21.521, -89.817, 0.958, -1.236, 0.494, -1.416, 0.000, 1.500, 18.600, 996.704, 0.000
0, 0, 1, 1679, vehicle.mercedes-benz.coupe, 3, -5.261, -84.499, 0.129, -1.549, 0.148, -5.216, 0.000, 5.218, 18.700, 996.804, 0.000
0, 0, 2, 1680, walker.pedestrian.0002, 1, -21.467, -89.957, 0.958, -1.221, 0.505, -1.412, 0.000, 1.500, 18.700, 996.804, 0.000
0, 0, 1, 1679, vehicle.mercedes-benz.coupe, 3, -5.248, -85.021, 0.129, -1.548, 0.110, -5.218, 0.000, 5.219, 18.800, 996.904, 0.000
0, 0, 2, 1680, walker.pedestrian.0002, 1, -21.413, -90.097, 0.959, -1.215, 0.517, -1.408, 0.000, 1.500, 18.800, 996.904, 0.000
0, 0, 1, 1679, vehicle.mercedes-benz.coupe, 3, -5.238, -85.543, 0.129, -1.549, 0.093, -5.219, 0.000, 5.219, 18.900, 997.004, 0.000
0, 0, 2, 1680, walker.pedestrian.0002, 1, -21.360, -90.237, 0.960, -1.211, 0.524, -1.406, 0.000, 1.500, 18.900, 997.004, 0.000
0, 0, 1, 1679, vehicle.mercedes-benz.coupe, 3, -5.229, -86.064, 0.129, -1.551, 0.068, -5.219, 0.000, 5.220, 19.000, 997.104, 0.000
0, 0, 2, 1680, walker.pedestrian.0002, 1, -21.306, -90.377, 0.961, -1.210, 0.528, -1.404, 0.000, 1.500, 19.000, 997.104, 0.000
0, 0, 1, 1679, vehicle.mercedes-benz.coupe, 3, -5.222, -86.586, 0.129, -1.553, 0.056, -5.220, -0.000, 5.220, 19.100, 997.204, 0.000
0, 0, 2, 1680, walker.pedestrian.0002, 1, -21.253, -90.517, 0.961, -1.209, 0.530, -1.403, 0.000, 1.500, 19.100, 997.204, 0.000
0, 0, 1, 1679, vehicle.mercedes-benz.coupe, 3, -5.216, -87.108, 0.129, -1.555, 0.040, -5.220, 0.000, 5.220, 19.200, 997.304, 0.000
0, 0, 2, 1680, walker.pedestrian.0002, 1, -21.200, -90.658, 0.962, -1.208, 0.531, -1.403, 0.000, 1.500, 19.200, 997.304, 0.000
0, 0, 1, 1679, vehicle.mercedes-benz.coupe, 3, -5.212, -87.630, 0.129, -1.558, 0.033, -5.220, 0.000, 5.220, 19.300, 997.404, 0.000
0, 0, 2, 1680, walker.pedestrian.0002, 1, -21.147, -90.798, 0.963, -1.212, 0.529, -1.404, 0.000, 1.500, 19.300, 997.404, 0.000
0, 0, 1, 1679, vehicle.mercedes-benz.coupe, 3, -5.199, -88.152, 0.129, -1.553, 0.189, -5.213, -0.000, 5.216, 19.400, 997.504, 0.000
0, 0, 2, 1680, walker.pedestrian.0002, 1, -21.096, -90.939, 0.963, -1.217, 0.524, -1.406, 0.000, 1.500, 19.400, 997.504, 0.000
0, 0, 1, 1679, vehicle.mercedes-benz.coupe, 3, -5.180, -88.673, 0.129, -1.547, 0.214, -5.213, -0.000, 5.217, 19.500, 997.604, 0.000
0, 0, 2, 1680, walker.pedestrian.0002, 1, -21.045, -91.080, 0.964, -1.219, 0.519, -1.407, 0.000, 1.500, 19.500, 997.604, 0.000
0, 0, 1, 1679, vehicle.mercedes-benz.coupe, 3, -5.164, -89.195, 0.129, -1.545, 0.149, -5.216, 0.000, 5.218, 19.600, 997.704, 0.000
0, 0, 2, 1680, walker.pedestrian.0002, 1, -20.994, -91.221, 0.964, -1.220, 0.517, -1.408, 0.000, 1.500, 19.600, 997.704, 0.000
0, 0, 1, 1679, vehicle.mercedes-benz.coupe, 3, -5.150, -89.716, 0.129, -1.545, 0.141, -5.217, 0.000, 5.219, 19.700, 997.804, 0.000
0, 0, 2, 1680, walker.pedestrian.0002, 1, -20.943, -91.362, 0.965, -1.221, 0.515, -1.409, 0.000, 1.500, 19.700, 997.804, 0.000
0, 0, 1, 1679, vehicle.mercedes-benz.coupe, 3, -5.139, -90.238, 0.129, -1.547, 0.093, -5.218, 0.000, 5.219, 19.800, 997.904, 0.000
0, 0, 2, 1680, walker.pedestrian.0002, 1, -20.891, -91.503, 0.965, -1.221, 0.514, -1.409, 0.000, 1.500, 19.800, 997.904, 0.000
0, 0, 1, 1679, vehicle.mercedes-benz.coupe, 3, -5.130, -90.760, 0.129, -1.549, 0.085, -5.219, -0.000, 5.220, 19.900, 998.004, 0.000
0, 0, 2, 1680, walker.pedestrian.0002, 1, -20.840, -91.644, 0.966, -1.221, 0.514, -1.409, 0.000, 1.500, 19.900, 998.004, 0.000
0, 0, 1, 1679, vehicle.mercedes-benz.coupe, 3, -5.123, -91.282, 0.129, -1.551, 0.054, -5.219, -0.000, 5.220, 20.000, 998.104, 0.000
0, 0, 2, 1680, walker.pedestrian.0002, 1, -20.785, -91.784, 0.967, -1.209, 0.524, -1.406, 0.000, 1.500, 20.000, 998.104, 0.000
0, 0, 1, 1679, vehicle.mercedes-benz.coupe, 3, -5.117, -91.804, 0.129, -1.554, 0.049, -5.220, 0.000, 5.220, 20.100, 998.204, 0.000
0, 0, 2, 1680, walker.pedestrian.0002, 1, -20.730, -91.923, 0.968, -1.204, 0.533, -1.402, 0.000, 1.500, 20.100, 998.204, 0.000
0, 0, 1, 1679, vehicle.mercedes-benz.coupe, 3, -5.112, -92.326, 0.129, -1.557, 0.030, -5.220, -0.000, 5.220, 20.200, 998.304, 0.000
0, 0, 2, 1680, walker.pedestrian.0002, 1, -20.675, -92.063, 0.969, -1.201, 0.539, -1.400, 0.000, 1.500, 20.200, 998.304, 0.000
0, 0, 1, 1679, vehicle.mercedes-benz.coupe, 3, -5.109, -92.848, 0.129, -1.559, 0.026, -5.220, -0.000, 5.220, 20.300, 998.404, 0.000
0, 0, 2, 1680, walker.pedestrian.0002, 1, -20.620, -92.202, 0.970, -1.200, 0.542, -1.398, 0.000, 1.500, 20.300, 998.404, 0.000
0, 0, 1, 1679, vehicle.mercedes-benz.coupe, 3, -5.106, -93.370, 0.129, -1.561, 0.016, -5.220, -0.000, 5.220, 20.400, 998.504, 0.000
0, 0, 2, 1680, walker.pedestrian.0002, 1, -20.565, -92.342, 0.972, -1.199, 0.544, -1.398, 0.000, 1.500, 20.400, 998.504, 0.000
0, 0, 1, 1679, vehicle.mercedes-benz.coupe, 3, -5.100, -93.892, 0.129, -1.560, 0.137, -5.214, -0.000, 5.216, 20.500, 998.604, 0.000
0, 0, 2, 1680, walker.pedestrian.0002, 1, -20.511, -92.482, 0.973, -1.199, 0.545, -1.397, 0.000, 1.500, 20.500, 998.604, 0.000
0, 0, 1, 1679, vehicle.mercedes-benz.coupe, 3, -5.084, -94.413, 0.129, -1.553, 0.201, -5.212, -0.000, 5.216, 20.600, 998.704, 0.000
0, 0, 2, 1680, walker.pedestrian.0002, 1, -20.457, -92.622, 0.975, -1.203, 0.543, -1.398, 0.000, 1.500, 20.600, 998.704, 0.000
0, 0, 1, 1679, vehicle.mercedes-benz.coupe, 3, -5.067, -94.934, 0.129, -1.548, 0.161, -5.215, 0.000, 5.217, 20.700, 998.804, 0.000
0, 0, 2, 1680, walker.pedestrian.0002, 1, -20.406, -92.763, 0.977, -1.209, 0.535, -1.401, 0.000, 1.500, 20.700, 998.804, 0.000
0, 0, 1, 1679, vehicle.mercedes-benz.coupe, 3, -5.053, -95.456, 0.129, -1.547, 0.139, -5.217, 0.000, 5.219, 20.800, 998.904, 0.000
0, 0, 2, 1680, walker.pedestrian.0002, 1, -20.354, -92.903, 0.979, -1.212, 0.530, -1.403, 0.000, 1.500, 20.800, 998.904, 0.000
0, 0, 1, 1679, vehicle.mercedes-benz.coupe, 3, -5.041, -95.978, 0.129, -1.548, 0.101, -5.218, 0.000, 5.219, 20.900, 999.004, 0.000
0, 0, 2, 1680, walker.pedestrian.0002, 1, -20.301, -93.044, 0.981, -1.213, 0.526, -1.404, 0.000, 1.500, 20.900, 999.004, 0.000
0, 0, 1, 1679, vehicle.mercedes-benz.coupe, 3, -5.031, -96.499, 0.129, -1.549, 0.083, -5.219, 0.000, 5.219, 21.000, 999.104, 0.000
0, 0, 2, 1680, walker.pedestrian.0002, 1, -20.249, -93.185, 0.983, -1.214, 0.525, -1.405, 0.000, 1.500, 21.000, 999.104, 0.000
0, 0, 1, 1679, vehicle.mercedes-benz.coupe, 3, -5.023, -97.021, 0.129, -1.551, 0.059, -5.219, 0.000, 5.220, 21.100, 999.204, 0.000
0, 0, 2, 1680, walker.pedestrian.0002, 1, -20.197, -93.325, 0.985, -1.215, 0.524, -1.406, 0.000, 1.500, 21.100, 999.204, 0.000
0, 0, 1, 1679, vehicle.mercedes-benz.coupe, 3, -5.017, -97.543, 0.129, -1.554, 0.047, -5.220, 0.000, 5.220, 21.200, 999.304, 0.000
0, 0, 2, 1680, walker.pedestrian.0002, 1, -20.145, -93.466, 0.988, -1.215, 0.523, -1.406, 0.000, 1.500, 21.200, 999.304, 0.000
0, 0, 1, 1679, vehicle.mercedes-benz.coupe, 3, -5.013, -98.065, 0.129, -1.557, 0.029, -5.220, -0.000, 5.220, 21.300, 999.404, 0.000
0, 0, 2, 1680, walker.pedestrian.0002, 1, -20.096, -93.608, 0.990, -1.226, 0.513, -1.409, 0.000, 1.500, 21.300, 999.404, 0.000
0, 0, 1, 1679, vehicle.mercedes-benz.coupe, 3, -5.009, -98.587, 0.129, -1.559, 0.026, -5.220, 0.000, 5.220, 21.400, 999.504, 0.000
0, 0, 2, 1680, walker.pedestrian.0002, 1, -20.048, -93.750, 0.993, -1.232, 0.504, -1.413, 0.000, 1.500, 21.400, 999.504, 0.000
0, 0, 1, 1679, vehicle.mercedes-benz.coupe, 3, -4.996, -99.109, 0.129, -1.554, 0.194, -5.212, -0.000, 5.216, 21.500, 999.604, 0.000
0, 0, 2, 1680, walker.pedestrian.0002, 1, -19.999, -93.892, 0.996, -1.235, 0.498, -1.415, 0.000, 1.500, 21.500, 999.604, 0.000
0, 0, 1, 1679, vehicle.mercedes-benz.coupe, 3, -4.977, -99.630, 0.129, -1.547, 0.222, -5.212, 0.000, 5.217, 21.600, 999.704, 0.000
0, 0, 2, 1680, walker.pedestrian.0002, 1, -19.950, -94.033, 0.999, -1.236, 0.494, -1.416, 0.000, 1.500, 21.600, 999.704, 0.000
0, 0, 1, 1679, vehicle.mercedes-benz.coupe, 3, -4.961, -100.151, 0.129, -1.545, 0.151, -5.216, 0.000, 5.218, 21.700, 999.804, 0.000
0, 0, 2, 1680, walker.pedestrian.0002, 1, -19.901, -94.175, 0.999, -1.237, 0.493, -1.417, 0.000, 1.500, 21.700, 999.804, 0.000
0, 0, 1, 1679, vehicle.mercedes-benz.coupe, 3, -4.948, -100.673, 0.129, -1.546, 0.108, -5.217, -0.000, 5.219, 21.800, 999.904, 0.000
0, 0, 2, 1680, walker.pedestrian.0002, 1, -19.852, -94.317, 0.999, -1.237, 0.492, -1.417, 0.000, 1.500, 21.800, 999.904, 0.000
0, 0, 1, 1679, vehicle.mercedes-benz.coupe, 3, -4.937, -101.195, 0.129, -1.548, 0.090, -5.218, 0.000, 5.219, 21.900, 1000.004, 0.000
0, 0, 2, 1680, walker.pedestrian.0002, 1, -19.801, -94.458, 0.999, -1.229, 0.496, -1.415, 0.000, 1.500, 21.900, 1000.004, 0.000
0, 0, 1, 1679, vehicle.mercedes-benz.coupe, 3, -4.929, -101.717, 0.129, -1.550, 0.065, -5.219, -0.000, 5.220, 22.000, 1000.104, 0.000
0, 0, 2, 1680, walker.pedestrian.0002, 1, -19.747, -94.598, 1.002, -1.219, 0.509, -1.411, 0.000, 1.500, 22.000, 1000.104, 0.000
0, 0, 1, 1679, vehicle.mercedes-benz.coupe, 3, -4.922, -102.239, 0.129, -1.553, 0.054, -5.220, 0.000, 5.220, 22.100, 1000.204, 0.000
0, 0, 2, 1680, walker.pedestrian.0002, 1, -19.693, -94.738, 1.002, -1.214, 0.519, -1.408, 0.000, 1.500, 22.100, 1000.204, 0.000
0, 0, 1, 1679, vehicle.mercedes-benz.coupe, 3, -4.916, -102.761, 0.129, -1.555, 0.038, -5.220, -0.000, 5.220, 22.200, 1000.304, 0.000
0, 0, 2, 1680, walker.pedestrian.0002, 1, -19.640, -94.878, 1.002, -1.212, 0.524, -1.405, 0.000, 1.500, 22.200, 1000.304, 0.000
0, 0, 1, 1679, vehicle.mercedes-benz.coupe, 3, -4.912, -103.282, 0.129, -1.557, 0.031, -5.220, 0.000, 5.220, 22.300, 1000.404, 0.000
0, 0, 2, 1680, walker.pedestrian.0002, 1, -19.587, -95.018, 1.002, -1.211, 0.527, -1.404, 0.000, 1.500, 22.300, 1000.404, 0.000
0, 0, 1, 1679, vehicle.mercedes-benz.coupe, 3, -4.905, -103.804, 0.129, -1.557, 0.149, -5.214, -0.000, 5.216, 22.400, 1000.504, 0.000
0, 0, 2, 1680, walker.pedestrian.0002, 1, -19.534, -95.159, 1.004, -1.210, 0.529, -1.404, 0.000, 1.500, 22.400, 1000.504, 0.000
0, 0, 1, 1679, vehicle.mercedes-benz.coupe, 3, -4.888, -104.326, 0.129, -1.550, 0.211, -5.212, -0.000, 5.217, 22.500, 1000.604, 0.000
0, 0, 2, 1680, walker.pedestrian.0002, 1, -19.481, -95.299, 1.004, -1.210, 0.530, -1.404, 0.000, 1.500, 22.500, 1000.604, 0.000
0, 0, 1, 1679, vehicle.mercedes-benz.coupe, 3, -4.869, -104.847, 0.129, -1.546, 0.172, -5.215, 0.000, 5.218, 22.600, 1000.704, 0.000
0, 0, 2, 1680, walker.pedestrian.0002, 1, -19.429, -95.440, 1.004, -1.213, 0.528, -1.404, 0.000, 1.500, 22.600, 1000.704, 0.000
0, 0, 1, 1679, vehicle.mercedes-benz.coupe, 3, -4.854, -105.368, 0.129, -1.545, 0.150, -5.216, 0.000, 5.219, 22.700, 1000.804, 0.000
0, 0, 2, 1680, walker.pedestrian.0002, 1, -19.378, -95.581, 1.004, -1.218, 0.522, -1.406, 0.000, 1.500, 22.700, 1000.804, 0.000
0, 0, 1, 1679, vehicle.mercedes-benz.coupe, 3, -4.843, -105.890, 0.129, -1.546, 0.098, -5.218, 0.000, 5.219, 22.800, 1000.904, 0.000
0, 0, 2, 1680, walker.pedestrian.0002, 1, -19.327, -95.722, 1.007, -1.220, 0.517, -1.408, 0.000, 1.500, 22.800, 1000.904, 0.000
0, 0, 1, 1679, vehicle.mercedes-benz.coupe, 3, -4.833, -106.412, 0.129, -1.548, 0.091, -5.219, 0.000, 5.220, 22.900, 1001.004, 0.000
0, 0, 2, 1680, walker.pedestrian.0002, 1, -19.276, -95.863, 1.007, -1.221, 0.515, -1.409, 0.000, 1.500, 22.900, 1001.004, 0.000
0, 0, 1, 1679, vehicle.mercedes-benz.coupe, 3, -4.825, -106.934, 0.129, -1.551, 0.059, -5.219, -0.000, 5.220, 23.000, 1001.104, 0.000
0, 0, 2, 1680, walker.pedestrian.0002, 1, -19.225, -96.004, 1.007, -1.222, 0.513, -1.409, 0.000, 1.500, 23.000, 1001.104, 0.000
0, 0, 1, 1679, vehicle.mercedes-benz.coupe, 3, -4.819, -107.456, 0.129, -1.553, 0.053, -5.220, 0.000, 5.220, 23.100, 1001.204, 0.000
0, 0, 2, 1680, walker.pedestrian.0002, 1, -19.174, -96.145, 1.007, -1.222, 0.513, -1.410, 0.000, 1.500, 23.100, 1001.204, 0.000
0, 0, 1, 1679, vehicle.mercedes-benz.coupe, 3, -4.814, -107.978, 0.129, -1.556, 0.033, -5.220, 0.000, 5.220, 23.200, 1001.304, 0.000
0, 0, 2, 1680, walker.pedestrian.0002, 1, -19.120, -96.285, 1.009, -1.215, 0.517, -1.408, 0.000, 1.500, 23.200, 1001.304, 0.000
0, 0, 1, 1679, vehicle.mercedes-benz.coupe, 3, -4.810, -108.500, 0.129, -1.558, 0.029, -5.220, 0.000, 5.220, 23.300, 1001.404, 0.000
0, 0, 2, 1680, walker.pedestrian.0002, 1, -19.065, -96.425, 1.009, -1.207, 0.527, -1.404, 0.000, 1.500, 23.300, 1001.404, 0.000
0, 0, 1, 1679, vehicle.mercedes-benz.coupe, 3, -4.807, -109.022, 0.129, -1.561, 0.017, -5.220, 0.000, 5.220, 23.400, 1001.504, 0.000
0, 0, 2, 1680, walker.pedestrian.0002, 1, -19.011, -96.564, 1.009, -1.203, 0.535, -1.401, 0.000, 1.500, 23.400, 1001.504, 0.000
0, 0, 1, 1679, vehicle.mercedes-benz.coupe, 3, -4.805, -109.544, 0.129, -1.562, 0.015, -5.220, 0.000, 5.220, 23.500, 1001.604, 0.000
0, 0, 2, 1680, walker.pedestrian.0002, 1, -18.956, -96.704, 1.009, -1.201, 0.539, -1.400, 0.000, 1.500, 23.500, 1001.604, 0.000
0, 0, 1, 1679, vehicle.mercedes-benz.coupe, 3, -4.792, -110.065, 0.129, -1.557, 0.190, -5.212, -0.000, 5.215, 23.600, 1001.704, 0.000
0, 0, 2, 1680, walker.pedestrian.0002, 1, -18.901, -96.844, 1.012, -1.200, 0.542, -1.399, 0.000, 1.500, 23.600, 1001.704, 0.000
0, 0, 1, 1679, vehicle.mercedes-benz.coupe, 3, -4.775, -110.586, 0.129, -1.551, 0.171, -5.214, 0.000, 5.217, 23.700, 1001.804, 0.000
0, 0, 2, 1680, walker.pedestrian.0002, 1, -18.847, -96.984, 1.012, -1.200, 0.543, -1.398, 0.000, 1.500, 23.700, 1001.804, 0.000
0, 0, 1, 1679, vehicle.mercedes-benz.coupe, 3, -4.760, -111.108, 0.129, -1.548, 0.154, -5.216, 0.000, 5.218, 23.800, 1001.904, 0.000
0, 0, 2, 1680, walker.pedestrian.0002, 1, -18.792, -97.123, 1.012, -1.199, 0.544, -1.398, 0.000, 1.500, 23.800, 1001.904, 0.000
0, 0, 1, 1679, vehicle.mercedes-benz.coupe, 3, -4.747, -111.630, 0.129, -1.547, 0.114, -5.217, 0.000, 5.219, 23.900, 1002.004, 0.000
0, 0, 2, 1680, walker.pedestrian.0002, 1, -18.742, -97.265, 1.012, -1.213, 0.533, -1.402, 0.000, 1.500, 23.900, 1002.004, 0.000
0, 0, 1, 1679, vehicle.mercedes-benz.coupe, 3, -4.736, -112.151, 0.129, -1.549, 0.095, -5.218, -0.000, 5.219, 24.000, 1002.104, 0.000
0, 0, 2, 1680, walker.pedestrian.0002, 1, -18.692, -97.406, 1.015, -1.220, 0.522, -1.406, 0.000, 1.500, 24.000, 1002.104, 0.000
0, 0, 1, 1679, vehicle.mercedes-benz.coupe, 3, -4.727, -112.673, 0.129, -1.550, 0.068, -5.219, -0.000, 5.220, 24.100, 1002.204, 0.000
0, 0, 2, 1680, walker.pedestrian.0002, 1, -18.642, -97.548, 1.015, -1.224, 0.514, -1.409, 0.000, 1.500, 24.100, 1002.204, 0.000
0, 0, 1, 1679, vehicle.mercedes-benz.coupe, 3, -4.721, -113.195, 0.129, -1.553, 0.055, -5.220, 0.000, 5.220, 24.200, 1002.304, 0.000
0, 0, 2, 1680, walker.pedestrian.0002, 1, -18.592, -97.689, 1.015, -1.225, 0.510, -1.411, 0.000, 1.500, 24.200, 1002.304, 0.000
0, 0, 1, 1679, vehicle.mercedes-benz.coupe, 3, -4.715, -113.717, 0.129, -1.555, 0.038, -5.220, 0.000, 5.220, 24.300, 1002.404, 0.000
0, 0, 2, 1680, walker.pedestrian.0002, 1, -18.541, -97.830, 1.015, -1.226, 0.508, -1.411, 0.000, 1.500, 24.300, 1002.404, 0.000
0, 0, 1, 1679, vehicle.mercedes-benz.coupe, 3, -4.711, -114.239, 0.129, -1.558, 0.030, -5.220, -0.000, 5.220, 24.400, 1002.504, 0.000
0, 0, 2, 1680, walker.pedestrian.0002, 1, -18.491, -97.971, 1.017, -1.226, 0.507, -1.412, 0.000, 1.500, 24.400, 1002.504, 0.000
0, 0, 1, 1679, vehicle.mercedes-benz.coupe, 3, -4.698, -114.761, 0.129, -1.553, 0.187, -5.213, -0.000, 5.216, 24.500, 1002.604, 0.000
0, 0, 2, 1680, walker.pedestrian.0002, 1, -18.440, -98.113, 1.017, -1.227, 0.506, -1.412, 0.000, 1.500, 24.500, 1002.604, 0.000
0, 0, 1, 1679, vehicle.mercedes-benz.coupe, 3, -4.679, -115.282, 0.129, -1.547, 0.212, -5.213, 0.000, 5.217, 24.600, 1002.704, 0.000
0, 0, 2, 1680, walker.pedestrian.0002, 1, -18.386, -98.252, 1.017, -1.214, 0.517, -1.408, 0.000, 1.500, 24.600, 1002.704, 0.000
0, 0, 1, 1679, vehicle.mercedes-benz.coupe, 3, -4.664, -115.803, 0.129, -1.546, 0.148, -5.216, 0.000, 5.218, 24.700, 1002.804, 0.000
0, 0, 2, 1680, walker.pedestrian.0002, 1, -18.331, -98.392, 1.017, -1.208, 0.527, -1.404, 0.000, 1.500, 24.700, 1002.804, 0.000
0, 0, 1, 1679, vehicle.mercedes-benz.coupe, 3, -4.650, -116.325, 0.129, -1.545, 0.139, -5.217, 0.000, 5.219, 24.800, 1002.904, 0.000
0, 0, 2, 1680, walker.pedestrian.0002, 1, -18.277, -98.532, 1.020, -1.205, 0.533, -1.402, 0.000, 1.500, 24.800, 1002.904, 0.000
0, 0, 1, 1679, vehicle.mercedes-benz.coupe, 3, -4.639, -116.847, 0.129, -1.547, 0.095, -5.218, 0.000, 5.219, 24.900, 1003.004, 0.000
0, 0, 2, 1680, walker.pedestrian.0002, 1, -18.222, -98.672, 1.020, -1.204, 0.537, -1.401, 0.000, 1.500, 24.900, 1003.004, 0.000
0, 0, 1, 1679, vehicle.mercedes-benz.coupe, 3, -4.630, -117.369, 0.129, -1.549, 0.067, -5.219, -0.000, 5.219, 25.000, 1003.104, 0.000
0, 0, 2, 1680, walker.pedestrian.0002, 1, -18.168, -98.812, 1.020, -1.203, 0.539, -1.400, 0.000, 1.500, 25.000, 1003.104, 0.000
0, 0, 1, 1679, vehicle.mercedes-benz.coupe, 3, -4.623, -117.891, 0.129, -1.552, 0.055, -5.219, -0.000, 5.220, 25.100, 1003.204, 0.000
0, 0, 2, 1680, walker.pedestrian.0002, 1, -18.114, -98.952, 1.020, -1.202, 0.540, -1.400, 0.000, 1.500, 25.100, 1003.204, 0.000
0, 0, 1, 1679, vehicle.mercedes-benz.coupe, 3, -4.617, -118.413, 0.129, -1.555, 0.039, -5.220, -0.000, 5.220, 25.200, 1003.304, 0.000
0, 0, 2, 1680, walker.pedestrian.0002, 1, -18.143, -99.084, 1.020, -1.512, 0.345, -1.460, 0.000, 1.500, 25.200, 1003.304, 0.000
0, 0, 1, 1679, vehicle.mercedes-benz.coupe, 3, -4.613, -118.935, 0.129, -1.557, 0.031, -5.220, 0.000, 5.220, 25.300, 1003.404, 0.000
0, 0, 2, 1680, walker.pedestrian.0002, 1, -18.280, -99.185, 1.020, -1.979, -0.218, -1.484, 0.000, 1.500, 25.300, 1003.404, 0.000
0, 0, 1, 1679, vehicle.mercedes-benz.coupe, 3, -4.609, -119.457, 0.129, -1.559, 0.022, -5.220, 0.000, 5.220, 25.400, 1003.504, 0.000
0, 0, 2, 1680, walker.pedestrian.0002, 1, -18.431, -99.258, 1.020, -2.277, -0.720, -1.316, 0.000, 1.500, 25.400, 1003.504, 0.000
0, 0, 1, 1679, vehicle.mercedes-benz.coupe, 3, -4.607, -119.979, 0.129, -1.561, 0.017, -5.220, -0.000, 5.220, 25.500, 1003.604, 0.000
0, 0, 2, 1680, walker.pedestrian.0002, 1, -18.570, -99.331, 1.017, -2.423, -0.998, -1.120, 0.000, 1.500, 25.500, 1003.604, 0.000
0, 0, 1, 1679, vehicle.mercedes-benz.coupe, 3, -4.601, -120.500, 0.129, -1.560, 0.139, -5.214, -0.000, 5.216, 25.600, 1003.704, 0.000
0, 0, 2, 1680, walker.pedestrian.0002, 1, -18.703, -99.406, 1.014, -2.495, -1.132, -0.984, 0.000, 1.500, 25.600, 1003.704, 0.000
0, 0, 1, 1679, vehicle.mercedes-benz.coupe, 3, -4.585, -121.022, 0.129, -1.553, 0.203, -5.212, -0.000, 5.216, 25.700, 1003.804, 0.000
0, 0, 2, 1680, walker.pedestrian.0002, 1, -18.832, -99.484, 1.014, -2.530, -1.196, -0.905, 0.000, 1.500, 25.700, 1003.804, 0.000
0, 0, 1, 1679, vehicle.mercedes-benz.coupe, 3, -4.567, -121.543, 0.129, -1.548, 0.162, -5.215, 0.000, 5.217, 25.800, 1003.904, 0.000
0, 0, 2, 1680, walker.pedestrian.0002, 1, -18.977, -99.529, 1.011, -2.663, -1.283, -0.777, 0.000, 1.500, 25.800, 1003.904, 0.000
0, 0, 1, 1679, vehicle.mercedes-benz.coupe, 3, -4.553, -122.065, 0.129, -1.547, 0.140, -5.217, 0.000, 5.218, 25.900, 1004.004, 0.000
0, 0, 2, 1680, walker.pedestrian.0002, 1, -19.121, -99.575, 1.009, -2.728, -1.343, -0.667, 0.000, 1.500, 25.900, 1004.004, 0.000
0, 0, 1, 1679, vehicle.mercedes-benz.coupe, 3, -4.541, -122.586, 0.129, -1.547, 0.104, -5.218, -0.000, 5.219, 26.000, 1004.104, 0.000
0, 0, 2, 1680, walker.pedestrian.0002, 1, -19.263, -99.623, 1.009, -2.760, -1.376, -0.597, 0.000, 1.500, 26.000, 1004.104, 0.000
0, 0, 1, 1679, vehicle.mercedes-benz.coupe, 3, -4.531, -123.108, 0.129, -1.549, 0.087, -5.219, -0.000, 5.220, 26.100, 1004.204, 0.000
0, 0, 2, 1680, walker.pedestrian.0002, 1, -19.405, -99.673, 1.006, -2.776, -1.392, -0.558, 0.000, 1.500, 26.100, 1004.204, 0.000
0, 0, 1, 1679, vehicle.mercedes-benz.coupe, 3, -4.524, -123.630, 0.129, -1.552, 0.055, -5.219, 0.000, 5.220, 26.200, 1004.304, 0.000
0, 0, 2, 1680, walker.pedestrian.0002, 1, -19.546, -99.723, 1.003, -2.784, -1.401, -0.537, 0.000, 1.500, 26.200, 1004.304, 0.000
0, 0, 1, 1679, vehicle.mercedes-benz.coupe, 3, -4.518, -124.152, 0.129, -1.554, 0.050, -5.220, -0.000, 5.220, 26.300, 1004.404, 0.000
0, 0, 2, 1680, walker.pedestrian.0002, 1, -19.691, -99.759, 1.003, -2.841, -1.417, -0.493, 0.000, 1.500, 26.300, 1004.404, 0.000
0, 0, 1, 1679, vehicle.mercedes-benz.coupe, 3, -4.513, -124.674, 0.129, -1.557, 0.031, -5.220, 0.000, 5.220, 26.400, 1004.504, 0.000
0, 0, 2, 1680, walker.pedestrian.0002, 1, -19.841, -99.781, 1.000, -2.907, -1.445, -0.404, 0.000, 1.500, 26.400, 1004.504, 0.000
0, 0, 1, 1679, vehicle.mercedes-benz.coupe, 3, -4.509, -125.196, 0.129, -1.559, 0.027, -5.220, 0.000, 5.220, 26.500, 1004.604, 0.000
0, 0, 2, 1680, walker.pedestrian.0002, 1, -19.989, -99.803, 0.997, -2.939, -1.461, -0.339, 0.000, 1.500, 26.500, 1004.604, 0.000
0, 0, 1, 1679, vehicle.mercedes-benz.coupe, 3, -4.496, -125.717, 0.129, -1.554, 0.195, -5.212, -0.000, 5.216, 26.600, 1004.704, 0.000
0, 0, 2, 1680, walker.pedestrian.0002, 1, -20.137, -99.827, 0.997, -2.955, -1.470, -0.300, 0.000, 1.500, 26.600, 1004.704, 0.000
0, 0, 1, 1679, vehicle.mercedes-benz.coupe, 3, -4.477, -126.239, 0.129, -1.547, 0.223, -5.212, 0.000, 5.217, 26.700, 1004.804, 0.000
0, 0, 2, 1680, walker.pedestrian.0002, 1, -20.285, -99.851, 0.994, -2.962, -1.474, -0.279, 0.000, 1.500, 26.700, 1004.804, 0.000
0, 0, 1, 1679, vehicle.mercedes-benz.coupe, 3, -4.483, -126.757, 0.129, -1.562, -0.417, -5.136, -0.000, 5.153, 26.800, 1004.904, 0.000
0, 0, 2, 1680, walker.pedestrian.0002, 1, -20.433, -99.876, 0.991, -2.966, -1.476, -0.268, 0.000, 1.500, 26.800, 1004.904, 0.000
0, 0, 1, 1679, vehicle.mercedes-benz.coupe, 3, -4.550, -127.261, 0.129, -1.611, -1.129, -4.945, -0.000, 5.072, 26.900, 1005.004, 0.000
0, 0, 2, 1680, walker.pedestrian.0002, 1, -20.583, -99.886, 0.991, -3.015, -1.484, -0.222, 0.000, 1.500, 26.900, 1005.004, 0.000
0, 0, 1, 1679, vehicle.mercedes-benz.coupe, 3, -4.675, -127.746, 0.129, -1.680, -1.657, -4.783, -0.001, 5.062, 27.000, 1005.104, 0.000
0, 0, 2, 1680, walker.pedestrian.0002, 1, -20.733, -99.896, 0.988, -3.038, -1.489, -0.179, 0.000, 1.500, 27.000, 1005.104, 0.000
0, 0, 1, 1679, vehicle.mercedes-benz.coupe, 3, -4.842, -128.219, 0.129, -1.753, -2.063, -4.654, 0.000, 5.091, 27.100, 1005.204, 0.000
0, 0, 2, 1680, walker.pedestrian.0002, 1, -20.883, -99.907, 0.985, -3.050, -1.492, -0.152, 0.000, 1.500, 27.100, 1005.204, 0.000
0, 0, 1, 1679, vehicle.mercedes-benz.coupe, 3, -5.039, -128.688, 0.129, -1.820, -2.266, -4.635, 0.004, 5.159, 27.200, 1005.304, 0.000
0, 0, 2, 1680, walker.pedestrian.0002, 1, -21.032, -99.918, 0.985, -3.056, -1.494, -0.137, 0.000, 1.500, 27.200, 1005.304, 0.000
0, 0, 1, 1679, vehicle.mercedes-benz.coupe, 3, -5.259, -129.153, 0.130, -1.881, -2.481, -4.571, 0.000, 5.201, 27.300, 1005.404, 0.000
0, 0, 2, 1680, walker.pedestrian.0002, 1, -21.182, -99.930, 0.982, -3.059, -1.494, -0.129, 0.000, 1.500, 27.300, 1005.404, 0.000
0, 0, 1, 1679, vehicle.mercedes-benz.coupe, 3, -5.499, -129.614, 0.129, -1.934, -2.622, -4.530, -0.000, 5.234, 27.400, 1005.504, 0.000
0, 0, 2, 1680, walker.pedestrian.0002, 1, -21.331, -99.942, 0.979, -3.060, -1.495, -0.125, 0.000, 1.500, 27.400, 1005.504, 0.000
0, 0, 1, 1679, vehicle.mercedes-benz.coupe, 3, -5.752, -130.072, 0.129, -1.980, -2.715, -4.497, -0.000, 5.253, 27.500, 1005.604, 0.000
0, 0, 2, 1680, walker.pedestrian.0002, 1, -21.481, -99.948, 0.979, -3.079, -1.496, -0.111, 0.000, 1.500, 27.500, 1005.604, 0.000
0, 0, 1, 1679, vehicle.mercedes-benz.coupe, 3, -6.016, -130.525, 0.129, -2.017, -2.776, -4.468, -0.000, 5.260, 27.600, 1005.704, 0.000
0, 0, 2, 1680, walker.pedestrian.0002, 1, -21.631, -99.950, 0.976, -3.101, -1.498, -0.080, 0.000, 1.500, 27.600, 1005.704, 0.000
0, 0, 1, 1679, vehicle.mercedes-benz.coupe, 3, -6.287, -130.975, 0.129, -2.048, -2.816, -4.441, -0.000, 5.258, 27.700, 1005.804, 0.000
0, 0, 2, 1680, walker.pedestrian.0002, 1, -21.781, -99.952, 0.973, -3.111, -1.499, -0.058, 0.000, 1.500, 27.700, 1005.804, 0.000
0, 0, 1, 1679, vehicle.mercedes-benz.coupe, 3, -6.564, -131.420, 0.129, -2.073, -2.887, -4.383, -0.000, 5.248, 27.800, 1005.904, 0.000
0, 0, 2, 1680, walker.pedestrian.0002, 1, -21.931, -99.954, 0.973, -3.117, -1.499, -0.044, 0.000, 1.500, 27.800, 1005.904, 0.000
0, 0, 1, 1679, vehicle.mercedes-benz.coupe, 3, -6.849, -131.860, 0.129, -2.097, -2.931, -4.345, -0.000, 5.241, 27.900, 1006.004, 0.000
0, 0, 2, 1680, walker.pedestrian.0002, 1, -22.081, -99.957, 0.970, -3.119, -1.500, -0.037, 0.000, 1.500, 27.900, 1006.004, 0.000
0, 0, 1, 1679, vehicle.mercedes-benz.coupe, 3, -7.134, -132.299, 0.129, -2.113, -2.899, -4.360, -0.000, 5.236, 28.000, 1006.104, 0.000
0, 0, 2, 1680, walker.pedestrian.0002, 1, -22.231, -99.959, 0.967, -3.121, -1.500, -0.033, 0.000, 1.500, 28.000, 1006.104, 0.000
0, 0, 1, 1679, vehicle.mercedes-benz.coupe, 3, -7.421, -132.737, 0.129, -2.125, -2.902, -4.351, -0.000, 5.230, 28.100, 1006.204, 0.000
0, 0, 2, 1680, walker.pedestrian.0002, 1, -22.381, -99.962, 0.967, -3.121, -1.500, -0.031, 0.000, 1.500, 28.100, 1006.204, 0.000
0, 0, 1, 1679, vehicle.mercedes-benz.coupe, 3, -7.698, -133.179, 0.129, -2.125, -2.728, -4.452, -0.000, 5.221, 28.200, 1006.304, 0.000
0, 0, 2, 1680, walker.pedestrian.0002, 1, -22.531, -99.958, 0.964, 3.141, -1.500, -0.013, 0.000, 1.500, 28.200, 1006.304, 0.000
0, 0, 1, 1679, vehicle.mercedes-benz.coupe, 3, -7.975, -133.621, 0.129, -2.128, -2.919, -4.301, 0.000, 5.198, 28.300, 1006.404, 0.000
0, 0, 2, 1680, walker.pedestrian.0002, 1, -22.681, -99.954, 0.961, 3.131, -1.500, 0.005, 0.000, 1.500, 28.300, 1006.404, 0.000
0, 0, 1, 1679, vehicle.mercedes-benz.coupe, 3, -8.290, -134.026, 0.129, -2.166, -3.488, -3.694, -0.000, 5.081, 28.400, 1006.504, 0.000
0, 0, 2, 1680, walker.pedestrian.0002, 1, -22.831, -99.951, 0.961, 3.126, -1.500, 0.017, 0.000, 1.500, 28.400, 1006.504, 0.000
0, 0, 1, 1679, vehicle.mercedes-benz.coupe, 3, -8.650, -134.362, 0.129, -2.241, -4.011, -2.822, -0.001, 4.904, 28.500, 1006.604, 0.000
0, 0, 2, 1680, walker.pedestrian.0002, 1, -22.981, -99.947, 0.958, 3.124, -1.500, 0.023, 0.000, 1.500, 28.500, 1006.604, 0.000
0, 0, 1, 1679, vehicle.mercedes-benz.coupe, 3, -9.050, -134.614, 0.129, -2.344, -4.395, -1.972, 0.000, 4.817, 28.600, 1006.704, 0.000
0, 0, 2, 1680, walker.pedestrian.0002, 1, -23.131, -99.944, 0.955, 3.122, -1.500, 0.027, 0.000, 1.500, 28.600, 1006.704, 0.000
0, 0, 1, 1679, vehicle.mercedes-benz.coupe, 3, -9.481, -134.799, 0.129, -2.459, -4.678, -1.325, 0.001, 4.862, 28.700, 1006.804, 0.000
0, 0, 2, 1680, walker.pedestrian.0002, 1, -23.281, -99.941, 0.955, 3.122, -1.500, 0.029, 0.000, 1.500, 28.700, 1006.804, 0.000
0, 0, 1, 1679, vehicle.mercedes-benz.coupe, 3, -9.941, -134.938, 0.129, -2.573, -4.910, -0.920, 0.000, 4.995, 28.800, 1006.904, 0.000
0, 0, 2, 1680, walker.pedestrian.0002, 1, -23.431, -99.938, 0.953, 3.122, -1.500, 0.029, 0.000, 1.500, 28.800, 1006.904, 0.000
0, 0, 1, 1679, vehicle.mercedes-benz.coupe, 3, -10.426, -135.045, 0.129, -2.678, -5.092, -0.660, 0.000, 5.134, 28.900, 1007.004, 0.000
0, 0, 2, 1680, walker.pedestrian.0002, 1, -23.581, -99.930, 0.950, 3.108, -1.499, 0.042, 0.000, 1.500, 28.900, 1007.004, 0.000
0, 0, 1, 1679, vehicle.mercedes-benz.coupe, 3, -10.930, -135.125, 0.129, -2.773, -5.213, -0.407, 0.000, 5.229, 29.000, 1007.104, 0.000
0, 0, 2, 1680, walker.pedestrian.0002, 1, -23.731, -99.922, 0.950, 3.101, -1.499, 0.054, 0.000, 1.500, 29.000, 1007.104, 0.000
0, 0, 1, 1679, vehicle.mercedes-benz.coupe, 3, -11.447, -135.180, 0.130, -2.856, -5.284, -0.185, 0.001, 5.287, 29.100, 1007.204, 0.000
0, 0, 2, 1680, walker.pedestrian.0002, 1, -23.880, -99.915, 0.947, 3.098, -1.499, 0.062, 0.000, 1.500, 29.100, 1007.204, 0.000
0, 0, 1, 1679, vehicle.mercedes-benz.coupe, 3, -11.972, -135.210, 0.130, -2.929, -5.312, 0.018, -0.000, 5.312, 29.200, 1007.304, 0.000
0, 0, 2, 1680, walker.pedestrian.0002, 1, -24.030, -99.908, 0.944, 3.096, -1.499, 0.066, 0.000, 1.500, 29.200, 1007.304, 0.000
0, 0, 1, 1679, vehicle.mercedes-benz.coupe, 3, -12.500, -135.223, 0.129, -2.989, -5.321, 0.112, -0.000, 5.322, 29.300, 1007.404, 0.000
0, 0, 2, 1680, walker.pedestrian.0002, 1, -24.180, -99.900, 0.944, 3.095, -1.498, 0.069, 0.000, 1.500, 29.300, 1007.404, 0.000
0, 0, 1, 1679, vehicle.mercedes-benz.coupe, 3, -13.030, -135.222, 0.129, -3.039, -5.305, 0.226, -0.000, 5.310, 29.400, 1007.504, 0.000
0, 0, 2, 1680, walker.pedestrian.0002, 1, -24.330, -99.893, 0.941, 3.095, -1.498, 0.070, 0.000, 1.500, 29.400, 1007.504, 0.000
0, 0, 1, 1679, vehicle.mercedes-benz.coupe, 3, -13.559, -135.214, 0.129, -3.077, -5.291, 0.223, -0.000, 5.296, 29.500, 1007.604, 0.000
0, 0, 2, 1680, walker.pedestrian.0002, 1, -24.480, -99.885, 0.938, 3.089, -1.498, 0.074, 0.000, 1.500, 29.500, 1007.604, 0.000
0, 0, 1, 1679, vehicle.mercedes-benz.coupe, 3, -14.086, -135.201, 0.129, -3.105, -5.273, 0.204, -0.000, 5.277, 29.600, 1007.704, 0.000
0, 0, 2, 1680, walker.pedestrian.0002, 1, -24.629, -99.875, 0.938, 3.083, -1.498, 0.083, 0.000, 1.500, 29.600, 1007.704, 0.000
0, 0, 1, 1679, vehicle.mercedes-benz.coupe, 3, -14.612, -135.187, 0.129, -3.124, -5.253, 0.204, -0.000, 5.257, 29.700, 1007.804, 0.000
0, 0, 2, 1680, walker.pedestrian.0002, 1, -24.779, -99.864, 0.935, 3.080, -1.497, 0.089, 0.000, 1.500, 29.700, 1007.804, 0.000
0, 0, 1, 1679, vehicle.mercedes-benz.coupe, 3, -15.137, -135.173, 0.129, -3.138, -5.239, 0.167, -0.000, 5.242, 29.800, 1007.904, 0.000
0, 0, 2, 1680, walker.pedestrian.0002, 1, -24.929, -99.855, 0.932, 3.078, -1.497, 0.093, 0.000, 1.500, 29.800, 1007.904, 0.000
0, 0, 1, 1679, vehicle.mercedes-benz.coupe, 3, -15.660, -135.160, 0.129, 3.136, -5.228, 0.152, -0.000, 5.230, 29.900, 1008.004, 0.000
0, 0, 2, 1680, walker.pedestrian.0002, 1, -25.078, -99.845, 0.932, 3.077, -1.497, 0.095, 0.000, 1.500, 29.900, 1008.004, 0.000
0, 0, 1, 1679, vehicle.mercedes-benz.coupe, 3, -16.182, -135.151, 0.129, 3.134, -5.216, -0.007, -0.000, 5.216, 30.000, 1008.104, 0.000
0, 0, 2, 1680, walker.pedestrian.0002, 1, -25.228, -99.835, 0.929, 3.077, -1.497, 0.096, 0.000, 1.500, 30.000, 1008.104, 0.000
